Channel 1 Time,Channel 1 Voltage,Channel 2 Time,Channel 2 Voltage,Channel 3 Time,Channel 3 Voltage
-0.0493,0.63125,-0.0493,0.109375,-0.0493,0.21875
-0.0986,0.6625,-0.0986,0.109375,-0.0986,0.375
-0.14789999999999998,0.63125,-0.14789999999999998,0.109375,-0.14789999999999998,0.375
-0.1972,0.63125,-0.1972,0.09375,-0.1972,0.53125
-0.24649999999999994,0.63125,-0.24649999999999994,0.09375,-0.24649999999999994,0.53125
-0.29579999999999995,0.63125,-0.29579999999999995,0.078125,-0.29579999999999995,0.375
-0.34509999999999996,0.6,-0.34509999999999996,0.078125,-0.34509999999999996,0.375
-0.3943999999999999,0.63125,-0.3943999999999999,0.078125,-0.3943999999999999,0.53125
-0.44369999999999993,0.6625,-0.44369999999999993,0.0625,-0.44369999999999993,0.53125
-0.49299999999999994,0.6625,-0.49299999999999994,0.0625,-0.49299999999999994,0.375
-0.5422999999999999,0.6,-0.5422999999999999,0.078125,-0.5422999999999999,0.21875
-0.5915999999999999,0.63125,-0.5915999999999999,0.0625,-0.5915999999999999,0.375
-0.6408999999999999,0.56875,-0.6408999999999999,0.0625,-0.6408999999999999,0.375
-0.6901999999999999,0.56875,-0.6901999999999999,0.046875,-0.6901999999999999,0.375
-0.7394999999999998,0.6,-0.7394999999999998,0.0625,-0.7394999999999998,0.375
-0.7887999999999998,0.6,-0.7887999999999998,0.046875,-0.7887999999999998,0.375
-0.8380999999999998,0.56875,-0.8380999999999998,0.046875,-0.8380999999999998,0.375
-0.8873999999999999,0.5375,-0.8873999999999999,0.046875,-0.8873999999999999,0.375
-0.9366999999999999,0.5375,-0.9366999999999999,0.046875,-0.9366999999999999,0.53125
-0.9859999999999998,0.56875,-0.9859999999999998,0.03125,-0.9859999999999998,0.53125
-1.0352999999999997,0.5375,-1.0352999999999997,0.046875,-1.0352999999999997,0.375
-1.0845999999999998,0.50625,-1.0845999999999998,0.015625,-1.0845999999999998,0.375
-1.1338999999999997,0.56875,-1.1338999999999997,0.015625,-1.1338999999999997,0.375
-1.1831999999999996,0.5375,-1.1831999999999996,0.0,-1.1831999999999996,0.375
-1.2324999999999997,0.50625,-1.2324999999999997,0.0,-1.2324999999999997,0.53125
-1.2817999999999996,0.50625,-1.2817999999999996,0.015625,-1.2817999999999996,0.375
-1.3310999999999997,0.50625,-1.3310999999999997,-0.015625,-1.3310999999999997,0.53125
-1.3803999999999996,0.50625,-1.3803999999999996,-0.015625,-1.3803999999999996,0.375
-1.4296999999999995,0.50625,-1.4296999999999995,-0.015625,-1.4296999999999995,0.375
-1.4789999999999996,0.475,-1.4789999999999996,-0.015625,-1.4789999999999996,0.53125
-1.5282999999999995,0.4125,-1.5282999999999995,-0.015625,-1.5282999999999995,0.375
-1.5775999999999997,0.44375,-1.5775999999999997,-0.015625,-1.5775999999999997,0.375
-1.6268999999999996,0.4125,-1.6268999999999996,-0.03125,-1.6268999999999996,0.21875
-1.6761999999999995,0.44375,-1.6761999999999995,-0.046875,-1.6761999999999995,0.53125
-1.7254999999999996,0.4125,-1.7254999999999996,-0.03125,-1.7254999999999996,0.53125
-1.7747999999999995,0.44375,-1.7747999999999995,-0.046875,-1.7747999999999995,0.375
-1.8240999999999996,0.4125,-1.8240999999999996,-0.0625,-1.8240999999999996,0.53125
-1.8733999999999995,0.38125,-1.8733999999999995,-0.078125,-1.8733999999999995,0.375
-1.9226999999999994,0.4125,-1.9226999999999994,-0.078125,-1.9226999999999994,0.53125
-1.9719999999999995,0.38125,-1.9719999999999995,-0.0625,-1.9719999999999995,0.53125
-2.0212999999999997,0.35,-2.0212999999999997,-0.078125,-2.0212999999999997,0.375
-2.0705999999999998,0.31875,-2.0705999999999998,-0.09375,-2.0705999999999998,0.375
-2.1199,0.35,-2.1199,-0.078125,-2.1199,0.375
-2.1691999999999996,0.2875,-2.1691999999999996,-0.09375,-2.1691999999999996,0.375
-2.2184999999999997,0.2875,-2.2184999999999997,-0.09375,-2.2184999999999997,0.375
-2.2678,0.31875,-2.2678,-0.109375,-2.2678,0.53125
-2.3170999999999995,0.25625,-2.3170999999999995,-0.09375,-2.3170999999999995,0.375
-2.3663999999999996,0.25625,-2.3663999999999996,-0.125,-2.3663999999999996,0.53125
-2.4156999999999997,0.25625,-2.4156999999999997,-0.125,-2.4156999999999997,0.53125
-2.4649999999999994,0.225,-2.4649999999999994,-0.125,-2.4649999999999994,0.375
-2.5142999999999995,0.19375,-2.5142999999999995,-0.140625,-2.5142999999999995,0.375
-2.5635999999999997,0.225,-2.5635999999999997,-0.140625,-2.5635999999999997,0.375
-2.6129,0.1625,-2.6129,-0.15625,-2.6129,0.53125
-2.6621999999999995,0.1625,-2.6621999999999995,-0.15625,-2.6621999999999995,0.375
-2.7114999999999996,0.1625,-2.7114999999999996,-0.15625,-2.7114999999999996,0.21875
-2.7607999999999997,0.13125,-2.7607999999999997,-0.15625,-2.7607999999999997,0.53125
-2.8100999999999994,0.13125,-2.8100999999999994,-0.1875,-2.8100999999999994,0.53125
-2.8593999999999995,0.13125,-2.8593999999999995,-0.1875,-2.8593999999999995,0.375
-2.9086999999999996,0.1625,-2.9086999999999996,-0.1875,-2.9086999999999996,0.375
-2.9579999999999993,0.0374999,-2.9579999999999993,-0.1875,-2.9579999999999993,0.375
-3.0072999999999994,0.0687499,-3.0072999999999994,-0.1875,-3.0072999999999994,0.53125
-3.0565999999999995,0.0687499,-3.0565999999999995,-0.203125,-3.0565999999999995,0.53125
-3.1058999999999997,0.0062499,-3.1058999999999997,-0.203125,-3.1058999999999997,0.53125
-3.1551999999999993,0.0687499,-3.1551999999999993,-0.1875,-3.1551999999999993,0.375
-3.2044999999999995,0.0374999,-3.2044999999999995,-0.171875,-3.2044999999999995,0.375
-3.2537999999999996,0.0062499,-3.2537999999999996,-0.171875,-3.2537999999999996,0.375
-3.3030999999999993,-0.0250001,-3.3030999999999993,-0.171875,-3.3030999999999993,0.375
-3.3523999999999994,0.0062499,-3.3523999999999994,-0.171875,-3.3523999999999994,0.375
-3.4016999999999995,-0.0562501,-3.4016999999999995,-0.15625,-3.4016999999999995,0.53125
-3.4509999999999996,-0.0562501,-3.4509999999999996,-0.125,-3.4509999999999996,0.53125
-3.5002999999999993,-0.0562501,-3.5002999999999993,-0.109375,-3.5002999999999993,0.6875
-3.5495999999999994,-0.11875,-3.5495999999999994,-0.125,-3.5495999999999994,0.53125
-3.5988999999999995,-0.15,-3.5988999999999995,-0.109375,-3.5988999999999995,0.53125
-3.648199999999999,-0.15,-3.648199999999999,-0.09375,-3.648199999999999,0.375
-3.6974999999999993,-0.15,-3.6974999999999993,-0.09375,-3.6974999999999993,0.375
-3.7467999999999995,-0.11875,-3.7467999999999995,-0.109375,-3.7467999999999995,0.53125
-3.796099999999999,-0.18125,-3.796099999999999,-0.078125,-3.796099999999999,0.53125
-3.8453999999999993,-0.18125,-3.8453999999999993,-0.0625,-3.8453999999999993,0.375
-3.8946999999999994,-0.2125,-3.8946999999999994,-0.046875,-3.8946999999999994,0.6875
-3.9439999999999995,-0.2125,-3.9439999999999995,-0.046875,-3.9439999999999995,0.53125
-3.993299999999999,-0.275,-3.993299999999999,-0.046875,-3.993299999999999,0.375
-4.042599999999999,-0.24375,-4.042599999999999,-0.03125,-4.042599999999999,0.375
-4.091899999999999,-0.24375,-4.091899999999999,-0.03125,-4.091899999999999,0.53125
-4.141199999999999,-0.275,-4.141199999999999,-0.03125,-4.141199999999999,0.375
-4.190499999999999,-0.275,-4.190499999999999,-0.015625,-4.190499999999999,0.53125
-4.239799999999999,-0.36875,-4.239799999999999,0.0,-4.239799999999999,0.375
-4.289099999999999,-0.3375,-4.289099999999999,0.0,-4.289099999999999,0.53125
-4.338399999999999,-0.275,-4.338399999999999,0.0,-4.338399999999999,0.53125
-4.387699999999999,-0.30625,-4.387699999999999,0.0,-4.387699999999999,0.53125
-4.4369999999999985,-0.4,-4.4369999999999985,0.0,-4.4369999999999985,0.53125
-4.486299999999999,-0.3375,-4.486299999999999,0.03125,-4.486299999999999,0.375
-4.535599999999999,-0.36875,-4.535599999999999,0.03125,-4.535599999999999,0.53125
-4.584899999999998,-0.4,-4.584899999999998,0.046875,-4.584899999999998,0.53125
-4.634199999999999,-0.4,-4.634199999999999,0.046875,-4.634199999999999,0.53125
-4.683499999999999,-0.4,-4.683499999999999,0.046875,-4.683499999999999,0.375
-4.732799999999998,-0.43125,-4.732799999999998,0.0625,-4.732799999999998,0.53125
-4.782099999999999,-0.43125,-4.782099999999999,0.078125,-4.782099999999999,0.53125
-4.831399999999999,-0.4625,-4.831399999999999,0.046875,-4.831399999999999,0.53125
-4.880699999999998,-0.4625,-4.880699999999998,0.046875,-4.880699999999998,0.53125
-4.929999999999999,-0.4625,-4.929999999999999,0.0625,-4.929999999999999,0.53125
-4.9792999999999985,-0.49375,-4.9792999999999985,0.0625,-4.9792999999999985,0.53125
-5.028599999999999,-0.49375,-5.028599999999999,0.09375,-5.028599999999999,0.375
-5.077899999999999,-0.49375,-5.077899999999999,0.09375,-5.077899999999999,0.53125
-5.127199999999998,-0.525,-5.127199999999998,0.09375,-5.127199999999998,0.375
-5.176499999999999,-0.525,-5.176499999999999,0.09375,-5.176499999999999,0.53125
-5.225799999999999,-0.5875,-5.225799999999999,0.09375,-5.225799999999999,0.375
-5.275099999999998,-0.55625,-5.275099999999998,0.109375,-5.275099999999998,0.53125
-5.324399999999999,-0.55625,-5.324399999999999,0.109375,-5.324399999999999,0.53125
-5.373699999999999,-0.5875,-5.373699999999999,0.109375,-5.373699999999999,0.53125
-5.422999999999998,-0.5875,-5.422999999999998,0.125,-5.422999999999998,0.375
-5.472299999999999,-0.5875,-5.472299999999999,0.125,-5.472299999999999,0.53125
-5.5215999999999985,-0.55625,-5.5215999999999985,0.109375,-5.5215999999999985,0.53125
-5.570899999999998,-0.61875,-5.570899999999998,0.125,-5.570899999999998,0.53125
-5.620199999999999,-0.5875,-5.620199999999999,0.125,-5.620199999999999,0.53125
-5.669499999999998,-0.61875,-5.669499999999998,0.140625,-5.669499999999998,0.53125
-5.718799999999998,-0.61875,-5.718799999999998,0.125,-5.718799999999998,0.375
-5.768099999999999,-0.61875,-5.768099999999999,0.140625,-5.768099999999999,0.375
-5.817399999999998,-0.65,-5.817399999999998,0.15625,-5.817399999999998,0.53125
-5.866699999999998,-0.65,-5.866699999999998,0.140625,-5.866699999999998,0.375
-5.915999999999999,-0.65,-5.915999999999999,0.140625,-5.915999999999999,0.375
-5.965299999999998,-0.65,-5.965299999999998,0.140625,-5.965299999999998,0.53125
-6.014599999999999,-0.61875,-6.014599999999999,0.140625,-6.014599999999999,0.53125
-6.0638999999999985,-0.68125,-6.0638999999999985,0.140625,-6.0638999999999985,0.53125
-6.113199999999998,-0.65,-6.113199999999998,0.140625,-6.113199999999998,0.375
-6.162499999999999,-0.65,-6.162499999999999,0.15625,-6.162499999999999,0.53125
-6.211799999999998,-0.68125,-6.211799999999998,0.140625,-6.211799999999998,0.375
-6.261099999999998,-0.65,-6.261099999999998,0.15625,-6.261099999999998,0.53125
-6.310399999999999,-0.68125,-6.310399999999999,0.140625,-6.310399999999999,0.53125
-6.359699999999998,-0.61875,-6.359699999999998,0.140625,-6.359699999999998,0.53125
-6.408999999999998,-0.65,-6.408999999999998,0.125,-6.408999999999998,0.53125
-6.458299999999999,-0.68125,-6.458299999999999,0.140625,-6.458299999999999,0.53125
-6.507599999999998,-0.68125,-6.507599999999998,0.15625,-6.507599999999998,0.53125
-6.556899999999998,-0.65,-6.556899999999998,0.15625,-6.556899999999998,0.375
-6.6061999999999985,-0.7125,-6.6061999999999985,0.140625,-6.6061999999999985,0.53125
-6.655499999999998,-0.7125,-6.655499999999998,0.125,-6.655499999999998,0.53125
-6.704799999999998,-0.7125,-6.704799999999998,0.140625,-6.704799999999998,0.375
-6.754099999999998,-0.68125,-6.754099999999998,0.125,-6.754099999999998,0.53125
-6.803399999999998,-0.68125,-6.803399999999998,0.125,-6.803399999999998,0.53125
-6.852699999999999,-0.68125,-6.852699999999999,0.125,-6.852699999999999,0.375
-6.901999999999998,-0.68125,-6.901999999999998,0.125,-6.901999999999998,0.53125
-6.951299999999998,-0.65,-6.951299999999998,0.140625,-6.951299999999998,0.53125
-7.000599999999999,-0.68125,-7.000599999999999,0.125,-7.000599999999999,0.375
-7.049899999999998,-0.68125,-7.049899999999998,0.125,-7.049899999999998,0.375
-7.099199999999998,-0.65,-7.099199999999998,0.125,-7.099199999999998,0.53125
-7.1484999999999985,-0.65,-7.1484999999999985,0.109375,-7.1484999999999985,0.53125
-7.197799999999998,-0.68125,-7.197799999999998,0.125,-7.197799999999998,0.53125
-7.247099999999998,-0.68125,-7.247099999999998,0.125,-7.247099999999998,0.53125
-7.296399999999998,-0.65,-7.296399999999998,0.109375,-7.296399999999998,0.53125
-7.345699999999998,-0.65,-7.345699999999998,0.109375,-7.345699999999998,0.53125
-7.394999999999998,-0.61875,-7.394999999999998,0.109375,-7.394999999999998,0.53125
-7.444299999999998,-0.65,-7.444299999999998,0.09375,-7.444299999999998,0.53125
-7.493599999999998,-0.65,-7.493599999999998,0.078125,-7.493599999999998,0.375
-7.542899999999998,-0.61875,-7.542899999999998,0.09375,-7.542899999999998,0.53125
-7.592199999999998,-0.5875,-7.592199999999998,0.09375,-7.592199999999998,0.53125
-7.641499999999998,-0.61875,-7.641499999999998,0.09375,-7.641499999999998,0.375
-7.690799999999998,-0.55625,-7.690799999999998,0.0625,-7.690799999999998,0.375
-7.740099999999998,-0.5875,-7.740099999999998,0.0625,-7.740099999999998,0.53125
-7.789399999999998,-0.61875,-7.789399999999998,0.046875,-7.789399999999998,0.53125
-7.8386999999999984,-0.5875,-7.8386999999999984,0.0625,-7.8386999999999984,0.53125
-7.887999999999998,-0.55625,-7.887999999999998,0.046875,-7.887999999999998,0.53125
-7.937299999999998,-0.5875,-7.937299999999998,0.0625,-7.937299999999998,0.53125
-7.986599999999998,-0.55625,-7.986599999999998,0.03125,-7.986599999999998,0.53125
-8.035899999999998,-0.525,-8.035899999999998,0.03125,-8.035899999999998,0.53125
-8.085199999999999,-0.525,-8.085199999999999,0.03125,-8.085199999999999,0.53125
-8.1345,-0.525,-8.1345,0.03125,-8.1345,0.375
-8.1838,-0.55625,-8.1838,0.015625,-8.1838,0.375
-8.233099999999999,-0.49375,-8.233099999999999,0.015625,-8.233099999999999,0.53125
-8.282399999999999,-0.49375,-8.282399999999999,0.0,-8.282399999999999,0.53125
-8.3317,-0.49375,-8.3317,0.0,-8.3317,0.53125
-8.380999999999998,-0.49375,-8.380999999999998,0.015625,-8.380999999999998,0.375
-8.430299999999999,-0.4625,-8.430299999999999,-0.015625,-8.430299999999999,0.375
-8.4796,-0.49375,-8.4796,0.0,-8.4796,0.53125
-8.528899999999998,-0.4625,-8.528899999999998,-0.015625,-8.528899999999998,0.375
-8.578199999999999,-0.43125,-8.578199999999999,-0.046875,-8.578199999999999,0.375
-8.6275,-0.4,-8.6275,-0.046875,-8.6275,0.375
-8.676799999999998,-0.4,-8.676799999999998,-0.03125,-8.676799999999998,0.375
-8.726099999999999,-0.36875,-8.726099999999999,-0.046875,-8.726099999999999,0.375
-8.7754,-0.4,-8.7754,-0.046875,-8.7754,0.53125
-8.824699999999998,-0.36875,-8.824699999999998,-0.0625,-8.824699999999998,0.53125
-8.873999999999999,-0.3375,-8.873999999999999,-0.078125,-8.873999999999999,0.53125
-8.9233,-0.30625,-8.9233,-0.078125,-8.9233,0.375
-8.972599999999998,-0.30625,-8.972599999999998,-0.078125,-8.972599999999998,0.375
-9.021899999999999,-0.30625,-9.021899999999999,-0.078125,-9.021899999999999,0.53125
-9.0712,-0.30625,-9.0712,-0.078125,-9.0712,0.375
-9.120499999999998,-0.30625,-9.120499999999998,-0.09375,-9.120499999999998,0.53125
-9.169799999999999,-0.24375,-9.169799999999999,-0.125,-9.169799999999999,0.375
-9.2191,-0.275,-9.2191,-0.125,-9.2191,0.53125
-9.268399999999998,-0.24375,-9.268399999999998,-0.109375,-9.268399999999998,0.375
-9.317699999999999,-0.24375,-9.317699999999999,-0.125,-9.317699999999999,0.375
-9.366999999999999,-0.18125,-9.366999999999999,-0.125,-9.366999999999999,0.53125
-9.416299999999998,-0.2125,-9.416299999999998,-0.140625,-9.416299999999998,0.53125
-9.465599999999998,-0.18125,-9.465599999999998,-0.15625,-9.465599999999998,0.53125
-9.514899999999999,-0.2125,-9.514899999999999,-0.15625,-9.514899999999999,0.375
-9.564199999999998,-0.18125,-9.564199999999998,-0.171875,-9.564199999999998,0.53125
-9.613499999999998,-0.11875,-9.613499999999998,-0.1875,-9.613499999999998,0.53125
-9.662799999999999,-0.15,-9.662799999999999,-0.1875,-9.662799999999999,0.53125
-9.712099999999998,-0.15,-9.712099999999998,-0.203125,-9.712099999999998,0.6875
-9.761399999999998,-0.0875001,-9.761399999999998,-0.1875,-9.761399999999998,0.375
-9.810699999999999,-0.11875,-9.810699999999999,-0.21875,-9.810699999999999,0.375
-9.859999999999998,-0.11875,-9.859999999999998,-0.203125,-9.859999999999998,0.53125
-9.909299999999998,-0.0875001,-9.909299999999998,-0.203125,-9.909299999999998,0.375
-9.958599999999999,-0.0250001,-9.958599999999999,-0.1875,-9.958599999999999,0.53125
-10.0079,0.0062499,-10.0079,-0.1875,-10.0079,0.53125
-10.057199999999998,0.0062499,-10.057199999999998,-0.171875,-10.057199999999998,0.375
-10.106499999999999,0.0374999,-10.106499999999999,-0.1875,-10.106499999999999,0.53125
-10.1558,0.0374999,-10.1558,-0.171875,-10.1558,0.53125
-10.205099999999998,0.0374999,-10.205099999999998,-0.15625,-10.205099999999998,0.375
-10.254399999999999,0.0374999,-10.254399999999999,-0.15625,-10.254399999999999,0.53125
-10.3037,0.0374999,-10.3037,-0.140625,-10.3037,0.53125
-10.352999999999998,0.0687499,-10.352999999999998,-0.125,-10.352999999999998,0.53125
-10.402299999999999,0.13125,-10.402299999999999,-0.109375,-10.402299999999999,0.375
-10.4516,0.13125,-10.4516,-0.125,-10.4516,0.375
-10.500899999999998,0.13125,-10.500899999999998,-0.109375,-10.500899999999998,0.375
-10.550199999999998,0.13125,-10.550199999999998,-0.109375,-10.550199999999998,0.53125
-10.599499999999999,0.13125,-10.599499999999999,-0.09375,-10.599499999999999,0.53125
-10.648799999999998,0.1625,-10.648799999999998,-0.09375,-10.648799999999998,0.375
-10.698099999999998,0.1625,-10.698099999999998,-0.0625,-10.698099999999998,0.375
-10.747399999999999,0.19375,-10.747399999999999,-0.0625,-10.747399999999999,0.53125
-10.796699999999998,0.19375,-10.796699999999998,-0.078125,-10.796699999999998,0.53125
-10.845999999999998,0.225,-10.845999999999998,-0.03125,-10.845999999999998,0.53125
-10.895299999999999,0.25625,-10.895299999999999,-0.0625,-10.895299999999999,0.21875
-10.944599999999998,0.225,-10.944599999999998,-0.0625,-10.944599999999998,0.53125
-10.993899999999998,0.25625,-10.993899999999998,-0.046875,-10.993899999999998,0.375
-11.043199999999999,0.2875,-11.043199999999999,-0.03125,-11.043199999999999,0.53125
-11.092499999999998,0.2875,-11.092499999999998,-0.015625,-11.092499999999998,0.375
-11.141799999999998,0.31875,-11.141799999999998,-0.03125,-11.141799999999998,0.53125
-11.191099999999999,0.35,-11.191099999999999,-0.015625,-11.191099999999999,0.53125
-11.240399999999998,0.35,-11.240399999999998,-0.015625,-11.240399999999998,0.53125
-11.289699999999998,0.35,-11.289699999999998,0.015625,-11.289699999999998,0.375
-11.338999999999999,0.35,-11.338999999999999,0.015625,-11.338999999999999,0.375
-11.388299999999997,0.35,-11.388299999999997,0.0,-11.388299999999997,0.375
-11.437599999999998,0.38125,-11.437599999999998,0.015625,-11.437599999999998,0.53125
-11.486899999999999,0.38125,-11.486899999999999,0.0,-11.486899999999999,0.375
-11.536199999999997,0.4125,-11.536199999999997,0.015625,-11.536199999999997,0.53125
-11.585499999999998,0.475,-11.585499999999998,0.03125,-11.585499999999998,0.375
-11.634799999999998,0.44375,-11.634799999999998,0.03125,-11.634799999999998,0.375
-11.684099999999997,0.44375,-11.684099999999997,0.03125,-11.684099999999997,0.375
-11.733399999999998,0.475,-11.733399999999998,0.046875,-11.733399999999998,0.375
-11.782699999999998,0.475,-11.782699999999998,0.0625,-11.782699999999998,0.375
-11.831999999999999,0.50625,-11.831999999999999,0.0625,-11.831999999999999,0.375
-11.881299999999998,0.50625,-11.881299999999998,0.0625,-11.881299999999998,0.53125
-11.930599999999998,0.50625,-11.930599999999998,0.046875,-11.930599999999998,0.53125
-11.979899999999999,0.50625,-11.979899999999999,0.078125,-11.979899999999999,0.375
-12.029199999999998,0.50625,-12.029199999999998,0.0625,-12.029199999999998,0.21875
-12.078499999999998,0.5375,-12.078499999999998,0.0625,-12.078499999999998,0.53125
-12.127799999999999,0.5375,-12.127799999999999,0.0625,-12.127799999999999,0.53125
-12.177099999999998,0.5375,-12.177099999999998,0.078125,-12.177099999999998,0.375
-12.226399999999998,0.6,-12.226399999999998,0.09375,-12.226399999999998,0.53125
-12.275699999999999,0.56875,-12.275699999999999,0.09375,-12.275699999999999,0.375
-12.324999999999998,0.56875,-12.324999999999998,0.09375,-12.324999999999998,0.375
-12.374299999999998,0.6,-12.374299999999998,0.109375,-12.374299999999998,0.375
-12.423599999999999,0.6,-12.423599999999999,0.09375,-12.423599999999999,0.375
-12.472899999999997,0.56875,-12.472899999999997,0.09375,-12.472899999999997,0.53125
-12.522199999999998,0.56875,-12.522199999999998,0.09375,-12.522199999999998,0.53125
-12.571499999999999,0.56875,-12.571499999999999,0.09375,-12.571499999999999,0.375
-12.620799999999997,0.63125,-12.620799999999997,0.09375,-12.620799999999997,0.375
-12.670099999999998,0.6,-12.670099999999998,0.09375,-12.670099999999998,0.53125
-12.719399999999998,0.6625,-12.719399999999998,0.09375,-12.719399999999998,0.375
-12.768699999999997,0.6,-12.768699999999997,0.109375,-12.768699999999997,0.375
-12.817999999999998,0.6,-12.817999999999998,0.109375,-12.817999999999998,0.53125
-12.867299999999998,0.63125,-12.867299999999998,0.109375,-12.867299999999998,0.53125
-12.916599999999997,0.6,-12.916599999999997,0.109375,-12.916599999999997,0.53125
-12.965899999999998,0.63125,-12.965899999999998,0.109375,-12.965899999999998,0.375
-13.015199999999998,0.63125,-13.015199999999998,0.09375,-13.015199999999998,0.375
-13.064499999999997,0.63125,-13.064499999999997,0.09375,-13.064499999999997,0.375
-13.113799999999998,0.6625,-13.113799999999998,0.109375,-13.113799999999998,0.375
-13.163099999999998,0.63125,-13.163099999999998,0.109375,-13.163099999999998,0.375
-13.212399999999997,0.63125,-13.212399999999997,0.109375,-13.212399999999997,0.375
-13.261699999999998,0.63125,-13.261699999999998,0.109375,-13.261699999999998,0.375
-13.310999999999998,0.63125,-13.310999999999998,0.09375,-13.310999999999998,0.375
-13.360299999999997,0.6625,-13.360299999999997,0.09375,-13.360299999999997,0.375
-13.409599999999998,0.63125,-13.409599999999998,0.109375,-13.409599999999998,0.6875
-13.458899999999998,0.63125,-13.458899999999998,0.078125,-13.458899999999998,0.375
-13.508199999999997,0.6625,-13.508199999999997,0.09375,-13.508199999999997,0.375
-13.557499999999997,0.6625,-13.557499999999997,0.109375,-13.557499999999997,0.375
-13.606799999999998,0.6625,-13.606799999999998,0.09375,-13.606799999999998,0.53125
-13.656099999999999,0.6625,-13.656099999999999,0.078125,-13.656099999999999,0.375
-13.705399999999997,0.63125,-13.705399999999997,0.09375,-13.705399999999997,0.375
-13.754699999999998,0.63125,-13.754699999999998,0.09375,-13.754699999999998,0.375
-13.803999999999998,0.6625,-13.803999999999998,0.078125,-13.803999999999998,0.53125
-13.853299999999997,0.69375,-13.853299999999997,0.0625,-13.853299999999997,0.375
-13.902599999999998,0.63125,-13.902599999999998,0.078125,-13.902599999999998,0.375
-13.951899999999998,0.6,-13.951899999999998,0.0625,-13.951899999999998,0.375
-14.001199999999997,0.6625,-14.001199999999997,0.0625,-14.001199999999997,0.375
-14.050499999999998,0.6,-14.050499999999998,0.0625,-14.050499999999998,0.53125
-14.099799999999998,0.63125,-14.099799999999998,0.078125,-14.099799999999998,0.53125
-14.149099999999997,0.63125,-14.149099999999997,0.078125,-14.149099999999997,0.375
-14.198399999999998,0.63125,-14.198399999999998,0.0625,-14.198399999999998,0.375
-14.247699999999998,0.56875,-14.247699999999998,0.0625,-14.247699999999998,0.53125
-14.296999999999997,0.63125,-14.296999999999997,0.046875,-14.296999999999997,0.53125
-14.346299999999998,0.56875,-14.346299999999998,0.0625,-14.346299999999998,0.21875
-14.395599999999998,0.5375,-14.395599999999998,0.046875,-14.395599999999998,0.375
-14.444899999999997,0.56875,-14.444899999999997,0.046875,-14.444899999999997,0.375
-14.494199999999998,0.6,-14.494199999999998,0.03125,-14.494199999999998,0.53125
-14.543499999999998,0.56875,-14.543499999999998,0.03125,-14.543499999999998,0.375
-14.592799999999997,0.5375,-14.592799999999997,0.03125,-14.592799999999997,0.21875
-14.642099999999997,0.5375,-14.642099999999997,0.03125,-14.642099999999997,0.375
-14.691399999999998,0.56875,-14.691399999999998,0.03125,-14.691399999999998,0.375
-14.740699999999997,0.5375,-14.740699999999997,0.015625,-14.740699999999997,0.53125
-14.789999999999997,0.5375,-14.789999999999997,0.0,-14.789999999999997,0.375
-14.839299999999998,0.5375,-14.839299999999998,0.015625,-14.839299999999998,0.375
-14.888599999999997,0.50625,-14.888599999999997,-0.015625,-14.888599999999997,0.375
-14.937899999999997,0.50625,-14.937899999999997,-0.015625,-14.937899999999997,0.53125
-14.987199999999998,0.50625,-14.987199999999998,-0.015625,-14.987199999999998,0.375
-15.036499999999997,0.475,-15.036499999999997,-0.015625,-15.036499999999997,0.375
-15.085799999999997,0.475,-15.085799999999997,-0.03125,-15.085799999999997,0.375
-15.135099999999998,0.44375,-15.135099999999998,-0.03125,-15.135099999999998,0.53125
-15.184399999999997,0.475,-15.184399999999997,-0.03125,-15.184399999999997,0.21875
-15.233699999999997,0.4125,-15.233699999999997,-0.03125,-15.233699999999997,0.375
-15.282999999999998,0.4125,-15.282999999999998,-0.03125,-15.282999999999998,0.375
-15.332299999999996,0.44375,-15.332299999999996,-0.046875,-15.332299999999996,0.375
-15.381599999999997,0.4125,-15.381599999999997,-0.046875,-15.381599999999997,0.375
-15.430899999999998,0.4125,-15.430899999999998,-0.046875,-15.430899999999998,0.53125
-15.480199999999998,0.35,-15.480199999999998,-0.078125,-15.480199999999998,0.375
-15.529499999999997,0.35,-15.529499999999997,-0.0625,-15.529499999999997,0.375
-15.578799999999998,0.35,-15.578799999999998,-0.0625,-15.578799999999998,0.375
-15.628099999999998,0.35,-15.628099999999998,-0.0625,-15.628099999999998,0.375
-15.677399999999997,0.31875,-15.677399999999997,-0.078125,-15.677399999999997,0.375
-15.726699999999997,0.35,-15.726699999999997,-0.09375,-15.726699999999997,0.375
-15.775999999999998,0.2875,-15.775999999999998,-0.09375,-15.775999999999998,0.375
-15.825299999999997,0.2875,-15.825299999999997,-0.09375,-15.825299999999997,0.53125
-15.874599999999997,0.31875,-15.874599999999997,-0.109375,-15.874599999999997,0.53125
-15.923899999999998,0.25625,-15.923899999999998,-0.125,-15.923899999999998,0.375
-15.973199999999997,0.225,-15.973199999999997,-0.125,-15.973199999999997,0.21875
-16.022499999999997,0.225,-16.022499999999997,-0.125,-16.022499999999997,0.53125
-16.071799999999996,0.19375,-16.071799999999996,-0.15625,-16.071799999999996,0.375
-16.121099999999995,0.19375,-16.121099999999995,-0.140625,-16.121099999999995,0.375
-16.170399999999994,0.19375,-16.170399999999994,-0.140625,-16.170399999999994,0.375
-16.219699999999996,0.19375,-16.219699999999996,-0.140625,-16.219699999999996,0.53125
-16.268999999999995,0.13125,-16.268999999999995,-0.15625,-16.268999999999995,0.53125
-16.318299999999997,0.13125,-16.318299999999997,-0.171875,-16.318299999999997,0.375
-16.367599999999996,0.1625,-16.367599999999996,-0.1875,-16.367599999999996,0.53125
-16.416899999999995,0.13125,-16.416899999999995,-0.203125,-16.416899999999995,0.375
-16.466199999999997,0.0687499,-16.466199999999997,-0.203125,-16.466199999999997,0.375
-16.515499999999996,0.0999999,-16.515499999999996,-0.203125,-16.515499999999996,0.375
-16.564799999999995,0.0687499,-16.564799999999995,-0.203125,-16.564799999999995,0.6875
-16.614099999999997,0.0687499,-16.614099999999997,-0.203125,-16.614099999999997,0.53125
-16.663399999999996,0.0374999,-16.663399999999996,-0.1875,-16.663399999999996,0.53125
-16.712699999999995,0.0374999,-16.712699999999995,-0.203125,-16.712699999999995,0.53125
-16.761999999999997,0.0374999,-16.761999999999997,-0.1875,-16.761999999999997,0.53125
-16.811299999999996,-0.0250001,-16.811299999999996,-0.171875,-16.811299999999996,0.53125
-16.860599999999994,-0.0562501,-16.860599999999994,-0.1875,-16.860599999999994,0.21875
-16.909899999999997,-0.0562501,-16.909899999999997,-0.15625,-16.909899999999997,0.375
-16.959199999999996,-0.0250001,-16.959199999999996,-0.125,-16.959199999999996,0.53125
-17.008499999999994,-0.0875001,-17.008499999999994,-0.140625,-17.008499999999994,0.375
-17.057799999999997,-0.0875001,-17.057799999999997,-0.109375,-17.057799999999997,0.21875
-17.107099999999996,-0.11875,-17.107099999999996,-0.125,-17.107099999999996,0.53125
-17.156399999999994,-0.11875,-17.156399999999994,-0.109375,-17.156399999999994,0.53125
-17.205699999999997,-0.11875,-17.205699999999997,-0.109375,-17.205699999999997,0.53125
-17.254999999999995,-0.11875,-17.254999999999995,-0.125,-17.254999999999995,0.53125
-17.304299999999994,-0.15,-17.304299999999994,-0.078125,-17.304299999999994,0.53125
-17.353599999999997,-0.15,-17.353599999999997,-0.078125,-17.353599999999997,0.53125
-17.402899999999995,-0.15,-17.402899999999995,-0.078125,-17.402899999999995,0.53125
-17.452199999999994,-0.18125,-17.452199999999994,-0.0625,-17.452199999999994,0.53125
-17.501499999999997,-0.2125,-17.501499999999997,-0.0625,-17.501499999999997,0.53125
-17.550799999999995,-0.18125,-17.550799999999995,-0.0625,-17.550799999999995,0.375
-17.600099999999994,-0.2125,-17.600099999999994,-0.0625,-17.600099999999994,0.53125
-17.649399999999996,-0.24375,-17.649399999999996,-0.046875,-17.649399999999996,0.53125
-17.698699999999995,-0.275,-17.698699999999995,-0.03125,-17.698699999999995,0.375
-17.747999999999994,-0.30625,-17.747999999999994,-0.015625,-17.747999999999994,0.375
-17.797299999999996,-0.275,-17.797299999999996,-0.015625,-17.797299999999996,0.53125
-17.846599999999995,-0.30625,-17.846599999999995,-0.015625,-17.846599999999995,0.53125
-17.895899999999994,-0.30625,-17.895899999999994,0.0,-17.895899999999994,0.53125
-17.945199999999996,-0.30625,-17.945199999999996,0.0,-17.945199999999996,0.53125
-17.994499999999995,-0.3375,-17.994499999999995,0.015625,-17.994499999999995,0.53125
-18.043799999999994,-0.36875,-18.043799999999994,0.015625,-18.043799999999994,0.53125
-18.093099999999996,-0.4,-18.093099999999996,0.015625,-18.093099999999996,0.53125
-18.142399999999995,-0.4,-18.142399999999995,0.03125,-18.142399999999995,0.53125
-18.191699999999994,-0.4,-18.191699999999994,0.046875,-18.191699999999994,0.53125
-18.240999999999996,-0.43125,-18.240999999999996,0.046875,-18.240999999999996,0.53125
-18.290299999999995,-0.43125,-18.290299999999995,0.046875,-18.290299999999995,0.53125
-18.339599999999994,-0.43125,-18.339599999999994,0.0625,-18.339599999999994,0.53125
-18.388899999999996,-0.49375,-18.388899999999996,0.0625,-18.388899999999996,0.375
-18.438199999999995,-0.4625,-18.438199999999995,0.0625,-18.438199999999995,0.375
-18.487499999999994,-0.4625,-18.487499999999994,0.078125,-18.487499999999994,0.53125
-18.536799999999996,-0.49375,-18.536799999999996,0.0625,-18.536799999999996,0.53125
-18.586099999999995,-0.49375,-18.586099999999995,0.078125,-18.586099999999995,0.53125
-18.635399999999994,-0.4625,-18.635399999999994,0.078125,-18.635399999999994,0.53125
-18.684699999999996,-0.49375,-18.684699999999996,0.078125,-18.684699999999996,0.375
-18.733999999999995,-0.55625,-18.733999999999995,0.09375,-18.733999999999995,0.53125
-18.783299999999993,-0.55625,-18.783299999999993,0.09375,-18.783299999999993,0.375
-18.832599999999996,-0.5875,-18.832599999999996,0.109375,-18.832599999999996,0.53125
-18.881899999999995,-0.525,-18.881899999999995,0.125,-18.881899999999995,0.53125
-18.931199999999993,-0.5875,-18.931199999999993,0.109375,-18.931199999999993,0.375
-18.980499999999996,-0.55625,-18.980499999999996,0.109375,-18.980499999999996,0.53125
-19.029799999999994,-0.5875,-19.029799999999994,0.109375,-19.029799999999994,0.53125
-19.079099999999993,-0.5875,-19.079099999999993,0.140625,-19.079099999999993,0.53125
-19.128399999999996,-0.61875,-19.128399999999996,0.140625,-19.128399999999996,0.375
-19.177699999999994,-0.61875,-19.177699999999994,0.125,-19.177699999999994,0.53125
-19.226999999999993,-0.61875,-19.226999999999993,0.125,-19.226999999999993,0.53125
-19.276299999999996,-0.61875,-19.276299999999996,0.125,-19.276299999999996,0.53125
-19.325599999999994,-0.65,-19.325599999999994,0.125,-19.325599999999994,0.53125
-19.374899999999993,-0.68125,-19.374899999999993,0.125,-19.374899999999993,0.53125
-19.424199999999995,-0.65,-19.424199999999995,0.125,-19.424199999999995,0.53125
-19.473499999999994,-0.65,-19.473499999999994,0.140625,-19.473499999999994,0.53125
-19.522799999999993,-0.65,-19.522799999999993,0.140625,-19.522799999999993,0.375
-19.572099999999995,-0.65,-19.572099999999995,0.15625,-19.572099999999995,0.53125
-19.621399999999994,-0.65,-19.621399999999994,0.140625,-19.621399999999994,0.53125
-19.670699999999993,-0.65,-19.670699999999993,0.15625,-19.670699999999993,0.53125
-19.719999999999995,-0.65,-19.719999999999995,0.125,-19.719999999999995,0.53125
-19.769299999999994,-0.68125,-19.769299999999994,0.140625,-19.769299999999994,0.53125
-19.818599999999993,-0.7125,-19.818599999999993,0.171875,-19.818599999999993,0.53125
-19.867899999999995,-0.65,-19.867899999999995,0.140625,-19.867899999999995,0.6875
-19.917199999999994,-0.68125,-19.917199999999994,0.15625,-19.917199999999994,0.375
-19.966499999999996,-0.7125,-19.966499999999996,0.125,-19.966499999999996,0.375
-20.015799999999995,-0.65,-20.015799999999995,0.140625,-20.015799999999995,0.53125
-20.065099999999994,-0.7125,-20.065099999999994,0.125,-20.065099999999994,0.53125
-20.114399999999996,-0.68125,-20.114399999999996,0.140625,-20.114399999999996,0.53125
-20.163699999999995,-0.68125,-20.163699999999995,0.140625,-20.163699999999995,0.53125
-20.212999999999994,-0.68125,-20.212999999999994,0.125,-20.212999999999994,0.53125
-20.262299999999996,-0.7125,-20.262299999999996,0.140625,-20.262299999999996,0.53125
-20.311599999999995,-0.65,-20.311599999999995,0.15625,-20.311599999999995,0.375
-20.360899999999994,-0.7125,-20.360899999999994,0.15625,-20.360899999999994,0.53125
-20.410199999999996,-0.7125,-20.410199999999996,0.140625,-20.410199999999996,0.375
-20.459499999999995,-0.68125,-20.459499999999995,0.125,-20.459499999999995,0.53125
-20.508799999999994,-0.68125,-20.508799999999994,0.125,-20.508799999999994,0.375
-20.558099999999996,-0.65,-20.558099999999996,0.125,-20.558099999999996,0.53125
-20.607399999999995,-0.68125,-20.607399999999995,0.109375,-20.607399999999995,0.375
-20.656699999999994,-0.68125,-20.656699999999994,0.125,-20.656699999999994,0.375
-20.705999999999996,-0.65,-20.705999999999996,0.125,-20.705999999999996,0.53125
-20.755299999999995,-0.65,-20.755299999999995,0.109375,-20.755299999999995,0.53125
-20.804599999999994,-0.68125,-20.804599999999994,0.109375,-20.804599999999994,0.21875
-20.853899999999996,-0.65,-20.853899999999996,0.125,-20.853899999999996,0.53125
-20.903199999999995,-0.65,-20.903199999999995,0.109375,-20.903199999999995,0.53125
-20.952499999999993,-0.65,-20.952499999999993,0.09375,-20.952499999999993,0.53125
-21.001799999999996,-0.68125,-21.001799999999996,0.09375,-21.001799999999996,0.53125
-21.051099999999995,-0.61875,-21.051099999999995,0.09375,-21.051099999999995,0.53125
-21.100399999999993,-0.61875,-21.100399999999993,0.078125,-21.100399999999993,0.53125
-21.149699999999996,-0.61875,-21.149699999999996,0.09375,-21.149699999999996,0.53125
-21.198999999999995,-0.61875,-21.198999999999995,0.078125,-21.198999999999995,0.375
-21.248299999999993,-0.5875,-21.248299999999993,0.09375,-21.248299999999993,0.375
-21.297599999999996,-0.61875,-21.297599999999996,0.0625,-21.297599999999996,0.53125
-21.346899999999994,-0.5875,-21.346899999999994,0.078125,-21.346899999999994,0.53125
-21.396199999999993,-0.61875,-21.396199999999993,0.046875,-21.396199999999993,0.53125
-21.445499999999996,-0.55625,-21.445499999999996,0.046875,-21.445499999999996,0.53125
-21.494799999999994,-0.55625,-21.494799999999994,0.046875,-21.494799999999994,0.53125
-21.544099999999993,-0.55625,-21.544099999999993,0.046875,-21.544099999999993,0.375
-21.593399999999995,-0.55625,-21.593399999999995,0.03125,-21.593399999999995,0.53125
-21.642699999999994,-0.55625,-21.642699999999994,0.046875,-21.642699999999994,0.375
-21.691999999999993,-0.525,-21.691999999999993,0.015625,-21.691999999999993,0.6875
-21.741299999999995,-0.55625,-21.741299999999995,0.03125,-21.741299999999995,0.375
-21.790599999999994,-0.49375,-21.790599999999994,0.0,-21.790599999999994,0.375
-21.839899999999993,-0.55625,-21.839899999999993,0.015625,-21.839899999999993,0.375
-21.889199999999995,-0.49375,-21.889199999999995,-0.015625,-21.889199999999995,0.53125
-21.938499999999994,-0.49375,-21.938499999999994,0.0,-21.938499999999994,0.375
-21.987799999999993,-0.49375,-21.987799999999993,-0.03125,-21.987799999999993,0.53125
-22.037099999999995,-0.4625,-22.037099999999995,-0.015625,-22.037099999999995,0.21875
-22.086399999999994,-0.4625,-22.086399999999994,-0.015625,-22.086399999999994,0.375
-22.135699999999993,-0.4625,-22.135699999999993,-0.03125,-22.135699999999993,0.53125
-22.184999999999995,-0.36875,-22.184999999999995,-0.03125,-22.184999999999995,0.53125
-22.234299999999994,-0.36875,-22.234299999999994,-0.046875,-22.234299999999994,0.53125
-22.283599999999993,-0.4,-22.283599999999993,-0.046875,-22.283599999999993,0.53125
-22.332899999999995,-0.4,-22.332899999999995,-0.046875,-22.332899999999995,0.375
-22.382199999999994,-0.4,-22.382199999999994,-0.046875,-22.382199999999994,0.53125
-22.431499999999993,-0.36875,-22.431499999999993,-0.046875,-22.431499999999993,0.375
-22.480799999999995,-0.36875,-22.480799999999995,-0.078125,-22.480799999999995,0.53125
-22.530099999999994,-0.36875,-22.530099999999994,-0.078125,-22.530099999999994,0.53125
-22.579399999999993,-0.3375,-22.579399999999993,-0.078125,-22.579399999999993,0.53125
-22.628699999999995,-0.275,-22.628699999999995,-0.09375,-22.628699999999995,0.53125
-22.677999999999994,-0.275,-22.677999999999994,-0.09375,-22.677999999999994,0.53125
-22.727299999999993,-0.30625,-22.727299999999993,-0.09375,-22.727299999999993,0.53125
-22.776599999999995,-0.275,-22.776599999999995,-0.109375,-22.776599999999995,0.375
-22.825899999999994,-0.24375,-22.825899999999994,-0.140625,-22.825899999999994,0.53125
-22.875199999999992,-0.275,-22.875199999999992,-0.125,-22.875199999999992,0.53125
-22.924499999999995,-0.24375,-22.924499999999995,-0.140625,-22.924499999999995,0.53125
-22.973799999999994,-0.2125,-22.973799999999994,-0.140625,-22.973799999999994,0.53125
-23.023099999999992,-0.15,-23.023099999999992,-0.140625,-23.023099999999992,0.375
-23.072399999999995,-0.2125,-23.072399999999995,-0.140625,-23.072399999999995,0.53125
-23.121699999999993,-0.15,-23.121699999999993,-0.140625,-23.121699999999993,0.375
-23.170999999999992,-0.11875,-23.170999999999992,-0.1875,-23.170999999999992,0.53125
-23.220299999999995,-0.11875,-23.220299999999995,-0.1875,-23.220299999999995,0.53125
-23.269599999999993,-0.15,-23.269599999999993,-0.1875,-23.269599999999993,0.6875
-23.318899999999992,-0.0875001,-23.318899999999992,-0.21875,-23.318899999999992,0.53125
-23.368199999999995,-0.0875001,-23.368199999999995,-0.21875,-23.368199999999995,0.21875
-23.417499999999993,-0.0875001,-23.417499999999993,-0.203125,-23.417499999999993,0.53125
-23.466799999999992,-0.0562501,-23.466799999999992,-0.203125,-23.466799999999992,0.53125
-23.516099999999994,-0.0562501,-23.516099999999994,-0.1875,-23.516099999999994,0.375
-23.565399999999993,-0.0250001,-23.565399999999993,-0.203125,-23.565399999999993,0.53125
-23.614699999999996,-0.0562501,-23.614699999999996,-0.1875,-23.614699999999996,0.375
-23.663999999999994,0.0062499,-23.663999999999994,-0.1875,-23.663999999999994,0.375
-23.713299999999993,0.0062499,-23.713299999999993,-0.171875,-23.713299999999993,0.53125
-23.762599999999996,0.0374999,-23.762599999999996,-0.171875,-23.762599999999996,0.375
-23.811899999999994,0.0374999,-23.811899999999994,-0.140625,-23.811899999999994,0.53125
-23.861199999999993,0.0374999,-23.861199999999993,-0.140625,-23.861199999999993,0.375
-23.910499999999995,0.0999999,-23.910499999999995,-0.125,-23.910499999999995,0.375
-23.959799999999994,0.0687499,-23.959799999999994,-0.140625,-23.959799999999994,0.53125
-24.009099999999993,0.0999999,-24.009099999999993,-0.109375,-24.009099999999993,0.375
-24.058399999999995,0.0999999,-24.058399999999995,-0.125,-24.058399999999995,0.53125
-24.107699999999994,0.13125,-24.107699999999994,-0.09375,-24.107699999999994,0.53125
-24.156999999999993,0.1625,-24.156999999999993,-0.09375,-24.156999999999993,0.21875
-24.206299999999995,0.13125,-24.206299999999995,-0.078125,-24.206299999999995,0.53125
-24.255599999999994,0.1625,-24.255599999999994,-0.078125,-24.255599999999994,0.375
-24.304899999999993,0.19375,-24.304899999999993,-0.078125,-24.304899999999993,0.53125
-24.354199999999995,0.19375,-24.354199999999995,-0.0625,-24.354199999999995,0.53125
-24.403499999999994,0.225,-24.403499999999994,-0.078125,-24.403499999999994,0.375
-24.452799999999993,0.2875,-24.452799999999993,-0.0625,-24.452799999999993,0.375
-24.502099999999995,0.25625,-24.502099999999995,-0.0625,-24.502099999999995,0.375
-24.551399999999994,0.2875,-24.551399999999994,-0.03125,-24.551399999999994,0.53125
-24.600699999999993,0.2875,-24.600699999999993,-0.046875,-24.600699999999993,0.53125
-24.649999999999995,0.2875,-24.649999999999995,-0.03125,-24.649999999999995,0.53125
-24.699299999999994,0.31875,-24.699299999999994,-0.03125,-24.699299999999994,0.53125
-24.748599999999993,0.2875,-24.748599999999993,-0.03125,-24.748599999999993,0.375
-24.797899999999995,0.31875,-24.797899999999995,-0.015625,-24.797899999999995,0.375
-24.847199999999994,0.31875,-24.847199999999994,-0.015625,-24.847199999999994,0.375
-24.896499999999993,0.38125,-24.896499999999993,0.0,-24.896499999999993,0.53125
-24.945799999999995,0.35,-24.945799999999995,0.0,-24.945799999999995,0.375
-24.995099999999994,0.4125,-24.995099999999994,-0.015625,-24.995099999999994,0.375
-25.044399999999992,0.4125,-25.044399999999992,0.015625,-25.044399999999992,0.375
-25.093699999999995,0.44375,-25.093699999999995,0.015625,-25.093699999999995,0.53125
-25.142999999999994,0.44375,-25.142999999999994,0.015625,-25.142999999999994,0.375
-25.192299999999992,0.44375,-25.192299999999992,0.03125,-25.192299999999992,0.53125
-25.241599999999995,0.4125,-25.241599999999995,0.03125,-25.241599999999995,0.375
-25.290899999999993,0.475,-25.290899999999993,0.03125,-25.290899999999993,0.375
-25.340199999999992,0.475,-25.340199999999992,0.03125,-25.340199999999992,0.53125
-25.389499999999995,0.475,-25.389499999999995,0.046875,-25.389499999999995,0.375
-25.438799999999993,0.475,-25.438799999999993,0.046875,-25.438799999999993,0.375
-25.488099999999992,0.50625,-25.488099999999992,0.046875,-25.488099999999992,0.53125
-25.537399999999995,0.5375,-25.537399999999995,0.046875,-25.537399999999995,0.375
-25.586699999999993,0.475,-25.586699999999993,0.046875,-25.586699999999993,0.375
-25.635999999999992,0.5375,-25.635999999999992,0.0625,-25.635999999999992,0.53125
-25.685299999999994,0.5375,-25.685299999999994,0.078125,-25.685299999999994,0.53125
-25.734599999999993,0.5375,-25.734599999999993,0.0625,-25.734599999999993,0.21875
-25.783899999999992,0.5375,-25.783899999999992,0.078125,-25.783899999999992,0.375
-25.833199999999994,0.56875,-25.833199999999994,0.0625,-25.833199999999994,0.53125
-25.882499999999993,0.56875,-25.882499999999993,0.09375,-25.882499999999993,0.375
-25.931799999999992,0.56875,-25.931799999999992,0.09375,-25.931799999999992,0.375
-25.981099999999994,0.5375,-25.981099999999994,0.09375,-25.981099999999994,0.53125
-26.030399999999993,0.6,-26.030399999999993,0.109375,-26.030399999999993,0.53125
-26.079699999999992,0.56875,-26.079699999999992,0.09375,-26.079699999999992,0.375
-26.128999999999994,0.6,-26.128999999999994,0.109375,-26.128999999999994,0.53125
-26.178299999999993,0.6,-26.178299999999993,0.109375,-26.178299999999993,0.375
-26.227599999999992,0.56875,-26.227599999999992,0.09375,-26.227599999999992,0.375
-26.276899999999994,0.6,-26.276899999999994,0.109375,-26.276899999999994,0.375
-26.326199999999993,0.6,-26.326199999999993,0.109375,-26.326199999999993,0.53125
-26.37549999999999,0.6625,-26.37549999999999,0.109375,-26.37549999999999,0.53125
-26.424799999999994,0.6,-26.424799999999994,0.109375,-26.424799999999994,0.375
-26.474099999999993,0.63125,-26.474099999999993,0.109375,-26.474099999999993,0.21875
-26.52339999999999,0.6625,-26.52339999999999,0.09375,-26.52339999999999,0.375
-26.572699999999994,0.6625,-26.572699999999994,0.125,-26.572699999999994,0.375
-26.621999999999993,0.6625,-26.621999999999993,0.09375,-26.621999999999993,0.375
-26.67129999999999,0.6625,-26.67129999999999,0.109375,-26.67129999999999,0.375
-26.720599999999994,0.63125,-26.720599999999994,0.09375,-26.720599999999994,0.375
-26.769899999999993,0.6625,-26.769899999999993,0.09375,-26.769899999999993,0.375
-26.81919999999999,0.63125,-26.81919999999999,0.09375,-26.81919999999999,0.375
-26.868499999999994,0.63125,-26.868499999999994,0.109375,-26.868499999999994,0.375
-26.917799999999993,0.6625,-26.917799999999993,0.109375,-26.917799999999993,0.375
-26.96709999999999,0.6,-26.96709999999999,0.078125,-26.96709999999999,0.53125
-27.016399999999994,0.6625,-27.016399999999994,0.109375,-27.016399999999994,0.53125
-27.065699999999993,0.6625,-27.065699999999993,0.109375,-27.065699999999993,0.375
-27.114999999999995,0.63125,-27.114999999999995,0.109375,-27.114999999999995,0.375
-27.164299999999994,0.63125,-27.164299999999994,0.09375,-27.164299999999994,0.375
-27.213599999999992,0.6625,-27.213599999999992,0.109375,-27.213599999999992,0.375
-27.262899999999995,0.63125,-27.262899999999995,0.078125,-27.262899999999995,0.375
-27.312199999999994,0.6625,-27.312199999999994,0.109375,-27.312199999999994,0.53125
-27.361499999999992,0.63125,-27.361499999999992,0.09375,-27.361499999999992,0.53125
-27.410799999999995,0.6625,-27.410799999999995,0.09375,-27.410799999999995,0.53125
-27.460099999999994,0.63125,-27.460099999999994,0.09375,-27.460099999999994,0.375
-27.509399999999992,0.6,-27.509399999999992,0.0625,-27.509399999999992,0.21875
-27.558699999999995,0.6,-27.558699999999995,0.078125,-27.558699999999995,0.375
-27.607999999999993,0.63125,-27.607999999999993,0.078125,-27.607999999999993,0.375
-27.657299999999992,0.6625,-27.657299999999992,0.078125,-27.657299999999992,0.375
-27.706599999999995,0.6,-27.706599999999995,0.078125,-27.706599999999995,0.21875
-27.755899999999993,0.63125,-27.755899999999993,0.0625,-27.755899999999993,0.375
-27.805199999999992,0.6,-27.805199999999992,0.0625,-27.805199999999992,0.53125
-27.854499999999994,0.63125,-27.854499999999994,0.0625,-27.854499999999994,0.53125
-27.903799999999993,0.56875,-27.903799999999993,0.0625,-27.903799999999993,0.375
-27.953099999999992,0.56875,-27.953099999999992,0.0625,-27.953099999999992,0.53125
-28.002399999999994,0.56875,-28.002399999999994,0.046875,-28.002399999999994,0.53125
-28.051699999999993,0.6,-28.051699999999993,0.046875,-28.051699999999993,0.53125
-28.100999999999992,0.56875,-28.100999999999992,0.046875,-28.100999999999992,0.53125
-28.150299999999994,0.56875,-28.150299999999994,0.03125,-28.150299999999994,0.53125
-28.199599999999993,0.56875,-28.199599999999993,0.03125,-28.199599999999993,0.375
-28.248899999999992,0.56875,-28.248899999999992,0.015625,-28.248899999999992,0.375
-28.298199999999994,0.5375,-28.298199999999994,0.015625,-28.298199999999994,0.375
-28.347499999999993,0.50625,-28.347499999999993,0.015625,-28.347499999999993,0.53125
-28.396799999999992,0.50625,-28.396799999999992,0.015625,-28.396799999999992,0.375
-28.446099999999994,0.5375,-28.446099999999994,0.0,-28.446099999999994,0.53125
-28.495399999999993,0.50625,-28.495399999999993,-0.015625,-28.495399999999993,0.53125
-28.54469999999999,0.50625,-28.54469999999999,-0.015625,-28.54469999999999,0.53125
-28.593999999999994,0.50625,-28.593999999999994,0.0,-28.593999999999994,0.375
-28.643299999999993,0.475,-28.643299999999993,-0.03125,-28.643299999999993,0.375
-28.69259999999999,0.4125,-28.69259999999999,-0.015625,-28.69259999999999,0.375
-28.741899999999994,0.4125,-28.741899999999994,-0.015625,-28.741899999999994,0.21875
-28.791199999999993,0.4125,-28.791199999999993,-0.03125,-28.791199999999993,0.375
-28.84049999999999,0.4125,-28.84049999999999,-0.015625,-28.84049999999999,0.375
-28.889799999999994,0.44375,-28.889799999999994,-0.046875,-28.889799999999994,0.53125
-28.939099999999993,0.44375,-28.939099999999993,-0.046875,-28.939099999999993,0.53125
-28.98839999999999,0.44375,-28.98839999999999,-0.0625,-28.98839999999999,0.53125
-29.037699999999994,0.38125,-29.037699999999994,-0.046875,-29.037699999999994,0.375
-29.086999999999993,0.35,-29.086999999999993,-0.0625,-29.086999999999993,0.375
-29.13629999999999,0.31875,-29.13629999999999,-0.0625,-29.13629999999999,0.375
-29.185599999999994,0.35,-29.185599999999994,-0.0625,-29.185599999999994,0.53125
-29.234899999999993,0.35,-29.234899999999993,-0.09375,-29.234899999999993,0.375
-29.28419999999999,0.35,-29.28419999999999,-0.078125,-29.28419999999999,0.53125
-29.333499999999994,0.2875,-29.333499999999994,-0.109375,-29.333499999999994,0.375
-29.382799999999992,0.25625,-29.382799999999992,-0.109375,-29.382799999999992,0.21875
-29.43209999999999,0.25625,-29.43209999999999,-0.109375,-29.43209999999999,0.53125
-29.481399999999994,0.2875,-29.481399999999994,-0.125,-29.481399999999994,0.53125
-29.530699999999992,0.25625,-29.530699999999992,-0.109375,-29.530699999999992,0.375
-29.57999999999999,0.25625,-29.57999999999999,-0.125,-29.57999999999999,0.375
-29.629299999999994,0.19375,-29.629299999999994,-0.125,-29.629299999999994,0.53125
-29.678599999999992,0.19375,-29.678599999999992,-0.125,-29.678599999999992,0.53125
-29.72789999999999,0.19375,-29.72789999999999,-0.15625,-29.72789999999999,0.53125
-29.777199999999993,0.19375,-29.777199999999993,-0.140625,-29.777199999999993,0.53125
-29.826499999999992,0.1625,-29.826499999999992,-0.15625,-29.826499999999992,0.53125
-29.87579999999999,0.13125,-29.87579999999999,-0.171875,-29.87579999999999,0.375
-29.925099999999993,0.0999999,-29.925099999999993,-0.1875,-29.925099999999993,0.375
-29.974399999999992,0.13125,-29.974399999999992,-0.1875,-29.974399999999992,0.53125
-30.02369999999999,0.0999999,-30.02369999999999,-0.171875,-30.02369999999999,0.53125
-30.072999999999993,0.0999999,-30.072999999999993,-0.203125,-30.072999999999993,0.375
-30.122299999999992,0.0999999,-30.122299999999992,-0.1875,-30.122299999999992,0.53125
-30.17159999999999,0.0687499,-30.17159999999999,-0.1875,-30.17159999999999,0.375
-30.220899999999993,0.0374999,-30.220899999999993,-0.203125,-30.220899999999993,0.375
-30.270199999999992,0.0374999,-30.270199999999992,-0.203125,-30.270199999999992,0.53125
-30.31949999999999,0.0374999,-30.31949999999999,-0.1875,-30.31949999999999,0.375
-30.368799999999993,0.0374999,-30.368799999999993,-0.1875,-30.368799999999993,0.53125
-30.418099999999992,0.0062499,-30.418099999999992,-0.171875,-30.418099999999992,0.53125
-30.46739999999999,0.0062499,-30.46739999999999,-0.15625,-30.46739999999999,0.53125
-30.516699999999993,0.0062499,-30.516699999999993,-0.15625,-30.516699999999993,0.53125
-30.565999999999992,-0.0250001,-30.565999999999992,-0.15625,-30.565999999999992,0.375
-30.61529999999999,-0.0250001,-30.61529999999999,-0.125,-30.61529999999999,0.53125
-30.664599999999993,-0.11875,-30.664599999999993,-0.125,-30.664599999999993,0.53125
-30.71389999999999,-0.0875001,-30.71389999999999,-0.125,-30.71389999999999,0.375
-30.763199999999994,-0.0875001,-30.763199999999994,-0.125,-30.763199999999994,0.53125
-30.812499999999993,-0.15,-30.812499999999993,-0.09375,-30.812499999999993,0.53125
-30.86179999999999,-0.18125,-30.86179999999999,-0.09375,-30.86179999999999,0.53125
-30.911099999999994,-0.11875,-30.911099999999994,-0.09375,-30.911099999999994,0.53125
-30.960399999999993,-0.18125,-30.960399999999993,-0.09375,-30.960399999999993,0.375
-31.00969999999999,-0.18125,-31.00969999999999,-0.078125,-31.00969999999999,0.53125
-31.058999999999994,-0.2125,-31.058999999999994,-0.078125,-31.058999999999994,0.53125
-31.108299999999993,-0.2125,-31.108299999999993,-0.0625,-31.108299999999993,0.53125
-31.15759999999999,-0.2125,-31.15759999999999,-0.0625,-31.15759999999999,0.53125
-31.206899999999994,-0.24375,-31.206899999999994,-0.046875,-31.206899999999994,0.53125
-31.256199999999993,-0.275,-31.256199999999993,-0.03125,-31.256199999999993,0.375
-31.30549999999999,-0.275,-31.30549999999999,-0.03125,-31.30549999999999,0.53125
-31.354799999999994,-0.30625,-31.354799999999994,-0.03125,-31.354799999999994,0.53125
-31.404099999999993,-0.30625,-31.404099999999993,-0.03125,-31.404099999999993,0.375
-31.45339999999999,-0.30625,-31.45339999999999,-0.015625,-31.45339999999999,0.53125
-31.502699999999994,-0.3375,-31.502699999999994,-0.015625,-31.502699999999994,0.53125
-31.551999999999992,-0.30625,-31.551999999999992,0.015625,-31.551999999999992,0.6875
-31.60129999999999,-0.4,-31.60129999999999,0.0,-31.60129999999999,0.53125
-31.650599999999994,-0.3375,-31.650599999999994,0.015625,-31.650599999999994,0.53125
-31.699899999999992,-0.4,-31.699899999999992,0.015625,-31.699899999999992,0.53125
-31.74919999999999,-0.4,-31.74919999999999,0.015625,-31.74919999999999,0.53125
-31.798499999999994,-0.36875,-31.798499999999994,0.046875,-31.798499999999994,0.375
-31.847799999999992,-0.43125,-31.847799999999992,0.046875,-31.847799999999992,0.53125
-31.89709999999999,-0.4,-31.89709999999999,0.0625,-31.89709999999999,0.53125
-31.946399999999993,-0.4,-31.946399999999993,0.046875,-31.946399999999993,0.53125
-31.995699999999992,-0.4625,-31.995699999999992,0.0625,-31.995699999999992,0.375
-32.044999999999995,-0.49375,-32.044999999999995,0.0625,-32.044999999999995,0.375
-32.0943,-0.525,-32.0943,0.0625,-32.0943,0.53125
-32.14359999999999,-0.49375,-32.14359999999999,0.078125,-32.14359999999999,0.53125
-32.192899999999995,-0.49375,-32.192899999999995,0.078125,-32.192899999999995,0.375
-32.2422,-0.49375,-32.2422,0.078125,-32.2422,0.53125
-32.29149999999999,-0.55625,-32.29149999999999,0.078125,-32.29149999999999,0.53125
-32.340799999999994,-0.49375,-32.340799999999994,0.109375,-32.340799999999994,0.53125
-32.3901,-0.525,-32.3901,0.09375,-32.3901,0.53125
-32.43939999999999,-0.55625,-32.43939999999999,0.09375,-32.43939999999999,0.53125
-32.488699999999994,-0.55625,-32.488699999999994,0.109375,-32.488699999999994,0.53125
-32.538,-0.5875,-32.538,0.125,-32.538,0.53125
-32.5873,-0.5875,-32.5873,0.109375,-32.5873,0.53125
-32.636599999999994,-0.55625,-32.636599999999994,0.109375,-32.636599999999994,0.53125
-32.6859,-0.5875,-32.6859,0.125,-32.6859,0.53125
-32.7352,-0.5875,-32.7352,0.125,-32.7352,0.53125
-32.784499999999994,-0.61875,-32.784499999999994,0.109375,-32.784499999999994,0.375
-32.8338,-0.61875,-32.8338,0.125,-32.8338,0.53125
-32.8831,-0.61875,-32.8831,0.125,-32.8831,0.53125
-32.932399999999994,-0.65,-32.932399999999994,0.125,-32.932399999999994,0.53125
-32.9817,-0.5875,-32.9817,0.125,-32.9817,0.375
-33.031,-0.65,-33.031,0.125,-33.031,0.53125
-33.080299999999994,-0.65,-33.080299999999994,0.140625,-33.080299999999994,0.375
-33.129599999999996,-0.65,-33.129599999999996,0.15625,-33.129599999999996,0.53125
-33.1789,-0.65,-33.1789,0.15625,-33.1789,0.53125
-33.228199999999994,-0.65,-33.228199999999994,0.140625,-33.228199999999994,0.375
-33.277499999999996,-0.68125,-33.277499999999996,0.140625,-33.277499999999996,0.375
-33.3268,-0.68125,-33.3268,0.140625,-33.3268,0.53125
-33.376099999999994,-0.68125,-33.376099999999994,0.140625,-33.376099999999994,0.53125
-33.425399999999996,-0.68125,-33.425399999999996,0.140625,-33.425399999999996,0.53125
-33.4747,-0.68125,-33.4747,0.15625,-33.4747,0.53125
-33.523999999999994,-0.68125,-33.523999999999994,0.140625,-33.523999999999994,0.53125
-33.573299999999996,-0.68125,-33.573299999999996,0.140625,-33.573299999999996,0.53125
-33.6226,-0.68125,-33.6226,0.140625,-33.6226,0.375
-33.671899999999994,-0.68125,-33.671899999999994,0.140625,-33.671899999999994,0.53125
-33.721199999999996,-0.68125,-33.721199999999996,0.140625,-33.721199999999996,0.53125
-33.7705,-0.68125,-33.7705,0.140625,-33.7705,0.53125
-33.819799999999994,-0.68125,-33.819799999999994,0.140625,-33.819799999999994,0.53125
-33.869099999999996,-0.7125,-33.869099999999996,0.140625,-33.869099999999996,0.375
-33.9184,-0.68125,-33.9184,0.140625,-33.9184,0.375
-33.967699999999994,-0.68125,-33.967699999999994,0.140625,-33.967699999999994,0.6875
-34.016999999999996,-0.68125,-34.016999999999996,0.125,-34.016999999999996,0.53125
-34.0663,-0.65,-34.0663,0.140625,-34.0663,0.53125
-34.11559999999999,-0.65,-34.11559999999999,0.125,-34.11559999999999,0.375
-34.164899999999996,-0.68125,-34.164899999999996,0.140625,-34.164899999999996,0.375
-34.2142,-0.68125,-34.2142,0.125,-34.2142,0.375
-34.26349999999999,-0.68125,-34.26349999999999,0.109375,-34.26349999999999,0.53125
-34.312799999999996,-0.68125,-34.312799999999996,0.125,-34.312799999999996,0.53125
-34.3621,-0.68125,-34.3621,0.109375,-34.3621,0.375
-34.41139999999999,-0.65,-34.41139999999999,0.109375,-34.41139999999999,0.53125
-34.460699999999996,-0.68125,-34.460699999999996,0.109375,-34.460699999999996,0.375
-34.51,-0.65,-34.51,0.109375,-34.51,0.53125
-34.55929999999999,-0.61875,-34.55929999999999,0.109375,-34.55929999999999,0.375
-34.608599999999996,-0.61875,-34.608599999999996,0.09375,-34.608599999999996,0.375
-34.6579,-0.61875,-34.6579,0.09375,-34.6579,0.53125
-34.70719999999999,-0.61875,-34.70719999999999,0.078125,-34.70719999999999,0.53125
-34.756499999999996,-0.61875,-34.756499999999996,0.078125,-34.756499999999996,0.375
-34.8058,-0.5875,-34.8058,0.0625,-34.8058,0.21875
-34.85509999999999,-0.5875,-34.85509999999999,0.078125,-34.85509999999999,0.53125
-34.904399999999995,-0.5875,-34.904399999999995,0.0625,-34.904399999999995,0.53125
-34.9537,-0.5875,-34.9537,0.0625,-34.9537,0.53125
-35.00299999999999,-0.5875,-35.00299999999999,0.0625,-35.00299999999999,0.375
-35.052299999999995,-0.55625,-35.052299999999995,0.0625,-35.052299999999995,0.375
-35.1016,-0.49375,-35.1016,0.046875,-35.1016,0.375
-35.15089999999999,-0.55625,-35.15089999999999,0.046875,-35.15089999999999,0.53125
-35.200199999999995,-0.55625,-35.200199999999995,0.046875,-35.200199999999995,0.375
-35.2495,-0.525,-35.2495,0.03125,-35.2495,0.53125
-35.29879999999999,-0.49375,-35.29879999999999,0.03125,-35.29879999999999,0.53125
-35.348099999999995,-0.55625,-35.348099999999995,0.015625,-35.348099999999995,0.375
-35.3974,-0.49375,-35.3974,0.015625,-35.3974,0.53125
-35.44669999999999,-0.49375,-35.44669999999999,0.0,-35.44669999999999,0.375
-35.495999999999995,-0.4625,-35.495999999999995,0.015625,-35.495999999999995,0.375
-35.5453,-0.49375,-35.5453,0.015625,-35.5453,0.53125
-35.59459999999999,-0.43125,-35.59459999999999,-0.015625,-35.59459999999999,0.375
-35.643899999999995,-0.43125,-35.643899999999995,-0.015625,-35.643899999999995,0.375
-35.6932,-0.4625,-35.6932,-0.03125,-35.6932,0.53125
-35.74249999999999,-0.43125,-35.74249999999999,-0.0625,-35.74249999999999,0.53125
-35.791799999999995,-0.43125,-35.791799999999995,-0.03125,-35.791799999999995,0.375
-35.8411,-0.4,-35.8411,-0.046875,-35.8411,0.53125
-35.89039999999999,-0.36875,-35.89039999999999,-0.046875,-35.89039999999999,0.53125
-35.939699999999995,-0.36875,-35.939699999999995,-0.0625,-35.939699999999995,0.375
-35.989,-0.36875,-35.989,-0.0625,-35.989,0.375
-36.03829999999999,-0.36875,-36.03829999999999,-0.0625,-36.03829999999999,0.53125
-36.087599999999995,-0.275,-36.087599999999995,-0.078125,-36.087599999999995,0.375
-36.1369,-0.3375,-36.1369,-0.078125,-36.1369,0.53125
-36.18619999999999,-0.30625,-36.18619999999999,-0.09375,-36.18619999999999,0.375
-36.235499999999995,-0.30625,-36.235499999999995,-0.09375,-36.235499999999995,0.375
-36.2848,-0.275,-36.2848,-0.09375,-36.2848,0.53125
-36.33409999999999,-0.275,-36.33409999999999,-0.109375,-36.33409999999999,0.375
-36.383399999999995,-0.275,-36.383399999999995,-0.109375,-36.383399999999995,0.375
-36.4327,-0.24375,-36.4327,-0.125,-36.4327,0.375
-36.48199999999999,-0.24375,-36.48199999999999,-0.125,-36.48199999999999,0.53125
-36.531299999999995,-0.2125,-36.531299999999995,-0.125,-36.531299999999995,0.375
-36.5806,-0.18125,-36.5806,-0.140625,-36.5806,0.375
-36.62989999999999,-0.18125,-36.62989999999999,-0.15625,-36.62989999999999,0.375
-36.679199999999994,-0.15,-36.679199999999994,-0.140625,-36.679199999999994,0.375
-36.7285,-0.15,-36.7285,-0.1875,-36.7285,0.53125
-36.77779999999999,-0.18125,-36.77779999999999,-0.171875,-36.77779999999999,0.375
-36.827099999999994,-0.15,-36.827099999999994,-0.1875,-36.827099999999994,0.375
-36.8764,-0.11875,-36.8764,-0.203125,-36.8764,0.53125
-36.92569999999999,-0.15,-36.92569999999999,-0.203125,-36.92569999999999,0.375
-36.974999999999994,-0.11875,-36.974999999999994,-0.203125,-36.974999999999994,0.375
-37.0243,-0.0875001,-37.0243,-0.203125,-37.0243,0.53125
-37.07359999999999,-0.0562501,-37.07359999999999,-0.21875,-37.07359999999999,0.375
-37.122899999999994,-0.0562501,-37.122899999999994,-0.1875,-37.122899999999994,0.375
-37.1722,0.0062499,-37.1722,-0.1875,-37.1722,0.375
-37.22149999999999,0.0062499,-37.22149999999999,-0.171875,-37.22149999999999,0.53125
-37.270799999999994,0.0062499,-37.270799999999994,-0.171875,-37.270799999999994,0.53125
-37.3201,0.0374999,-37.3201,-0.15625,-37.3201,0.53125
-37.36939999999999,0.0374999,-37.36939999999999,-0.15625,-37.36939999999999,0.375
-37.418699999999994,0.0374999,-37.418699999999994,-0.15625,-37.418699999999994,0.375
-37.467999999999996,0.0374999,-37.467999999999996,-0.125,-37.467999999999996,0.53125
-37.51729999999999,0.0687499,-37.51729999999999,-0.125,-37.51729999999999,0.375
-37.566599999999994,0.0687499,-37.566599999999994,-0.140625,-37.566599999999994,0.53125
-37.615899999999996,0.0999999,-37.615899999999996,-0.140625,-37.615899999999996,0.375
-37.66519999999999,0.1625,-37.66519999999999,-0.109375,-37.66519999999999,0.375
-37.714499999999994,0.1625,-37.714499999999994,-0.109375,-37.714499999999994,0.375
-37.763799999999996,0.1625,-37.763799999999996,-0.09375,-37.763799999999996,0.375
-37.81309999999999,0.13125,-37.81309999999999,-0.09375,-37.81309999999999,0.53125
-37.862399999999994,0.19375,-37.862399999999994,-0.078125,-37.862399999999994,0.53125
-37.911699999999996,0.19375,-37.911699999999996,-0.078125,-37.911699999999996,0.21875
-37.96099999999999,0.225,-37.96099999999999,-0.0625,-37.96099999999999,0.53125
-38.010299999999994,0.25625,-38.010299999999994,-0.0625,-38.010299999999994,0.53125
-38.059599999999996,0.19375,-38.059599999999996,-0.046875,-38.059599999999996,0.375
-38.10889999999999,0.25625,-38.10889999999999,-0.0625,-38.10889999999999,0.53125
-38.158199999999994,0.25625,-38.158199999999994,-0.0625,-38.158199999999994,0.375
-38.207499999999996,0.2875,-38.207499999999996,-0.046875,-38.207499999999996,0.375
-38.25679999999999,0.2875,-38.25679999999999,-0.03125,-38.25679999999999,0.375
-38.306099999999994,0.2875,-38.306099999999994,-0.03125,-38.306099999999994,0.375
-38.355399999999996,0.2875,-38.355399999999996,-0.015625,-38.355399999999996,0.53125
-38.40469999999999,0.31875,-38.40469999999999,-0.03125,-38.40469999999999,0.375
-38.45399999999999,0.35,-38.45399999999999,0.0,-38.45399999999999,0.53125
-38.503299999999996,0.38125,-38.503299999999996,0.0,-38.503299999999996,0.53125
-38.55259999999999,0.4125,-38.55259999999999,0.015625,-38.55259999999999,0.375
-38.60189999999999,0.38125,-38.60189999999999,0.0,-38.60189999999999,0.21875
-38.651199999999996,0.4125,-38.651199999999996,0.03125,-38.651199999999996,0.375
-38.70049999999999,0.44375,-38.70049999999999,0.015625,-38.70049999999999,0.53125
-38.74979999999999,0.4125,-38.74979999999999,0.015625,-38.74979999999999,0.375
-38.799099999999996,0.4125,-38.799099999999996,0.03125,-38.799099999999996,0.375
-38.84839999999999,0.475,-38.84839999999999,0.046875,-38.84839999999999,0.375
-38.89769999999999,0.44375,-38.89769999999999,0.03125,-38.89769999999999,0.375
-38.946999999999996,0.44375,-38.946999999999996,0.03125,-38.946999999999996,0.53125
-38.99629999999999,0.475,-38.99629999999999,0.046875,-38.99629999999999,0.375
-39.04559999999999,0.475,-39.04559999999999,0.046875,-39.04559999999999,0.53125
-39.094899999999996,0.475,-39.094899999999996,0.046875,-39.094899999999996,0.53125
-39.14419999999999,0.50625,-39.14419999999999,0.046875,-39.14419999999999,0.375
-39.19349999999999,0.50625,-39.19349999999999,0.0625,-39.19349999999999,0.375
-39.242799999999995,0.50625,-39.242799999999995,0.078125,-39.242799999999995,0.53125
-39.29209999999999,0.5375,-39.29209999999999,0.046875,-39.29209999999999,0.375
-39.34139999999999,0.5375,-39.34139999999999,0.09375,-39.34139999999999,0.53125
-39.390699999999995,0.5375,-39.390699999999995,0.0625,-39.390699999999995,0.21875
-39.43999999999999,0.56875,-39.43999999999999,0.09375,-39.43999999999999,0.53125
-39.48929999999999,0.56875,-39.48929999999999,0.09375,-39.48929999999999,0.375
-39.538599999999995,0.6,-39.538599999999995,0.078125,-39.538599999999995,0.375
-39.58789999999999,0.56875,-39.58789999999999,0.109375,-39.58789999999999,0.375
-39.63719999999999,0.63125,-39.63719999999999,0.078125,-39.63719999999999,0.375
-39.686499999999995,0.63125,-39.686499999999995,0.0625,-39.686499999999995,0.375
-39.7358,0.6,-39.7358,0.078125,-39.7358,0.375
-39.78509999999999,0.63125,-39.78509999999999,0.09375,-39.78509999999999,0.375
-39.834399999999995,0.6,-39.834399999999995,0.09375,-39.834399999999995,0.375
-39.8837,0.6,-39.8837,0.09375,-39.8837,0.375
-39.93299999999999,0.63125,-39.93299999999999,0.109375,-39.93299999999999,0.375
-39.982299999999995,0.63125,-39.982299999999995,0.109375,-39.982299999999995,0.21875
-40.0316,0.63125,-40.0316,0.109375,-40.0316,0.375
-40.08089999999999,0.6,-40.08089999999999,0.109375,-40.08089999999999,0.53125
-40.130199999999995,0.63125,-40.130199999999995,0.109375,-40.130199999999995,0.375
-40.1795,0.63125,-40.1795,0.109375,-40.1795,0.375
-40.22879999999999,0.63125,-40.22879999999999,0.09375,-40.22879999999999,0.375
-40.278099999999995,0.63125,-40.278099999999995,0.109375,-40.278099999999995,0.375
-40.3274,0.6625,-40.3274,0.109375,-40.3274,0.375
-40.37669999999999,0.63125,-40.37669999999999,0.109375,-40.37669999999999,0.375
-40.425999999999995,0.6625,-40.425999999999995,0.09375,-40.425999999999995,0.53125
-40.4753,0.63125,-40.4753,0.09375,-40.4753,0.375
-40.52459999999999,0.6625,-40.52459999999999,0.109375,-40.52459999999999,0.375
-40.573899999999995,0.6625,-40.573899999999995,0.109375,-40.573899999999995,0.375
-40.6232,0.63125,-40.6232,0.09375,-40.6232,0.375
-40.67249999999999,0.63125,-40.67249999999999,0.09375,-40.67249999999999,0.21875
-40.721799999999995,0.63125,-40.721799999999995,0.078125,-40.721799999999995,0.375
-40.7711,0.69375,-40.7711,0.109375,-40.7711,0.53125
-40.82039999999999,0.6625,-40.82039999999999,0.078125,-40.82039999999999,0.53125
-40.869699999999995,0.6625,-40.869699999999995,0.109375,-40.869699999999995,0.21875
-40.919,0.6625,-40.919,0.09375,-40.919,0.375
-40.96829999999999,0.6625,-40.96829999999999,0.09375,-40.96829999999999,0.375
-41.017599999999995,0.6625,-41.017599999999995,0.109375,-41.017599999999995,0.53125
-41.0669,0.63125,-41.0669,0.078125,-41.0669,0.375
-41.11619999999999,0.63125,-41.11619999999999,0.09375,-41.11619999999999,0.375
-41.165499999999994,0.6,-41.165499999999994,0.078125,-41.165499999999994,0.375
-41.2148,0.6,-41.2148,0.078125,-41.2148,0.375
-41.26409999999999,0.6,-41.26409999999999,0.046875,-41.26409999999999,0.375
-41.313399999999994,0.63125,-41.313399999999994,0.078125,-41.313399999999994,0.375
-41.3627,0.63125,-41.3627,0.078125,-41.3627,0.53125
-41.41199999999999,0.56875,-41.41199999999999,0.046875,-41.41199999999999,0.53125
-41.461299999999994,0.6,-41.461299999999994,0.0625,-41.461299999999994,0.53125
-41.5106,0.6,-41.5106,0.046875,-41.5106,0.375
-41.55989999999999,0.6,-41.55989999999999,0.046875,-41.55989999999999,0.53125
-41.609199999999994,0.5375,-41.609199999999994,0.0625,-41.609199999999994,0.375
-41.6585,0.6,-41.6585,0.03125,-41.6585,0.375
-41.70779999999999,0.56875,-41.70779999999999,0.046875,-41.70779999999999,0.375
-41.757099999999994,0.5375,-41.757099999999994,0.046875,-41.757099999999994,0.375
-41.8064,0.5375,-41.8064,0.046875,-41.8064,0.53125
-41.85569999999999,0.50625,-41.85569999999999,0.03125,-41.85569999999999,0.375
-41.904999999999994,0.5375,-41.904999999999994,0.015625,-41.904999999999994,0.53125
-41.954299999999996,0.50625,-41.954299999999996,0.0,-41.954299999999996,0.375
-42.00359999999999,0.5375,-42.00359999999999,0.0,-42.00359999999999,0.375
-42.052899999999994,0.5375,-42.052899999999994,0.0,-42.052899999999994,0.375
-42.102199999999996,0.475,-42.102199999999996,-0.015625,-42.102199999999996,0.375
-42.15149999999999,0.50625,-42.15149999999999,-0.015625,-42.15149999999999,0.53125
-42.200799999999994,0.475,-42.200799999999994,0.015625,-42.200799999999994,0.375
-42.250099999999996,0.475,-42.250099999999996,-0.015625,-42.250099999999996,0.21875
-42.29939999999999,0.475,-42.29939999999999,-0.015625,-42.29939999999999,0.375
-42.348699999999994,0.475,-42.348699999999994,-0.015625,-42.348699999999994,0.53125
-42.397999999999996,0.4125,-42.397999999999996,-0.03125,-42.397999999999996,0.53125
-42.44729999999999,0.4125,-42.44729999999999,-0.03125,-42.44729999999999,0.21875
-42.496599999999994,0.38125,-42.496599999999994,-0.03125,-42.496599999999994,0.53125
-42.545899999999996,0.4125,-42.545899999999996,-0.046875,-42.545899999999996,0.375
-42.59519999999999,0.38125,-42.59519999999999,-0.046875,-42.59519999999999,0.375
-42.644499999999994,0.38125,-42.644499999999994,-0.046875,-42.644499999999994,0.375
-42.693799999999996,0.35,-42.693799999999996,-0.078125,-42.693799999999996,0.375
-42.74309999999999,0.38125,-42.74309999999999,-0.078125,-42.74309999999999,0.375
-42.792399999999994,0.35,-42.792399999999994,-0.09375,-42.792399999999994,0.375
-42.841699999999996,0.31875,-42.841699999999996,-0.09375,-42.841699999999996,0.375
-42.89099999999999,0.35,-42.89099999999999,-0.09375,-42.89099999999999,0.375
-42.94029999999999,0.2875,-42.94029999999999,-0.09375,-42.94029999999999,0.375
-42.989599999999996,0.2875,-42.989599999999996,-0.109375,-42.989599999999996,0.53125
-43.03889999999999,0.2875,-43.03889999999999,-0.109375,-43.03889999999999,0.53125
-43.08819999999999,0.25625,-43.08819999999999,-0.125,-43.08819999999999,0.375
-43.137499999999996,0.25625,-43.137499999999996,-0.125,-43.137499999999996,0.375
-43.18679999999999,0.19375,-43.18679999999999,-0.125,-43.18679999999999,0.53125
-43.23609999999999,0.225,-43.23609999999999,-0.125,-43.23609999999999,0.375
-43.285399999999996,0.19375,-43.285399999999996,-0.15625,-43.285399999999996,0.375
-43.33469999999999,0.1625,-43.33469999999999,-0.15625,-43.33469999999999,0.375
-43.38399999999999,0.13125,-43.38399999999999,-0.140625,-43.38399999999999,0.375
-43.433299999999996,0.1625,-43.433299999999996,-0.15625,-43.433299999999996,0.375
-43.48259999999999,0.1625,-43.48259999999999,-0.171875,-43.48259999999999,0.53125
-43.53189999999999,0.0999999,-43.53189999999999,-0.171875,-43.53189999999999,0.375
-43.581199999999995,0.13125,-43.581199999999995,-0.1875,-43.581199999999995,0.375
-43.63049999999999,0.0999999,-43.63049999999999,-0.203125,-43.63049999999999,0.375
-43.67979999999999,0.0687499,-43.67979999999999,-0.1875,-43.67979999999999,0.375
-43.729099999999995,0.0687499,-43.729099999999995,-0.1875,-43.729099999999995,0.53125
-43.77839999999999,0.0999999,-43.77839999999999,-0.203125,-43.77839999999999,0.53125
-43.82769999999999,0.0374999,-43.82769999999999,-0.203125,-43.82769999999999,0.53125
-43.876999999999995,0.0374999,-43.876999999999995,-0.203125,-43.876999999999995,0.53125
-43.92629999999999,0.0374999,-43.92629999999999,-0.1875,-43.92629999999999,0.375
-43.97559999999999,0.0062499,-43.97559999999999,-0.171875,-43.97559999999999,0.53125
-44.024899999999995,-0.0562501,-44.024899999999995,-0.1875,-44.024899999999995,0.375
-44.07419999999999,-0.0250001,-44.07419999999999,-0.15625,-44.07419999999999,0.375
-44.12349999999999,-0.0875001,-44.12349999999999,-0.15625,-44.12349999999999,0.375
-44.172799999999995,-0.0562501,-44.172799999999995,-0.15625,-44.172799999999995,0.53125
-44.22209999999999,-0.11875,-44.22209999999999,-0.125,-44.22209999999999,0.375
-44.27139999999999,-0.0875001,-44.27139999999999,-0.125,-44.27139999999999,0.53125
-44.320699999999995,-0.0875001,-44.320699999999995,-0.109375,-44.320699999999995,0.375
-44.36999999999999,-0.15,-44.36999999999999,-0.09375,-44.36999999999999,0.375
-44.41929999999999,-0.0875001,-44.41929999999999,-0.09375,-44.41929999999999,0.53125
-44.468599999999995,-0.15,-44.468599999999995,-0.09375,-44.468599999999995,0.53125
-44.51789999999999,-0.18125,-44.51789999999999,-0.078125,-44.51789999999999,0.53125
-44.56719999999999,-0.15,-44.56719999999999,-0.078125,-44.56719999999999,0.53125
-44.616499999999995,-0.15,-44.616499999999995,-0.0625,-44.616499999999995,0.53125
-44.66579999999999,-0.2125,-44.66579999999999,-0.0625,-44.66579999999999,0.53125
-44.71509999999999,-0.24375,-44.71509999999999,-0.046875,-44.71509999999999,0.53125
-44.764399999999995,-0.275,-44.764399999999995,-0.046875,-44.764399999999995,0.53125
-44.81369999999999,-0.275,-44.81369999999999,-0.046875,-44.81369999999999,0.375
-44.86299999999999,-0.30625,-44.86299999999999,-0.015625,-44.86299999999999,0.53125
-44.912299999999995,-0.30625,-44.912299999999995,-0.03125,-44.912299999999995,0.53125
-44.96159999999999,-0.275,-44.96159999999999,-0.015625,-44.96159999999999,0.53125
-45.01089999999999,-0.30625,-45.01089999999999,0.0,-45.01089999999999,0.53125
-45.060199999999995,-0.30625,-45.060199999999995,-0.015625,-45.060199999999995,0.53125
-45.10949999999999,-0.3375,-45.10949999999999,0.0,-45.10949999999999,0.375
-45.15879999999999,-0.3375,-45.15879999999999,0.015625,-45.15879999999999,0.53125
-45.208099999999995,-0.3375,-45.208099999999995,0.03125,-45.208099999999995,0.375
-45.25739999999999,-0.4,-45.25739999999999,0.03125,-45.25739999999999,0.375
-45.30669999999999,-0.4,-45.30669999999999,0.03125,-45.30669999999999,0.375
-45.355999999999995,-0.36875,-45.355999999999995,0.03125,-45.355999999999995,0.375
-45.40529999999999,-0.43125,-45.40529999999999,0.046875,-45.40529999999999,0.375
-45.45459999999999,-0.4,-45.45459999999999,0.0625,-45.45459999999999,0.375
-45.503899999999994,-0.43125,-45.503899999999994,0.015625,-45.503899999999994,0.53125
-45.55319999999999,-0.43125,-45.55319999999999,0.046875,-45.55319999999999,0.53125
-45.60249999999999,-0.49375,-45.60249999999999,0.0625,-45.60249999999999,0.375
-45.651799999999994,-0.49375,-45.651799999999994,0.078125,-45.651799999999994,0.375
-45.70109999999999,-0.49375,-45.70109999999999,0.0625,-45.70109999999999,0.375
-45.75039999999999,-0.49375,-45.75039999999999,0.09375,-45.75039999999999,0.53125
-45.799699999999994,-0.525,-45.799699999999994,0.078125,-45.799699999999994,0.53125
-45.84899999999999,-0.525,-45.84899999999999,0.09375,-45.84899999999999,0.375
-45.89829999999999,-0.525,-45.89829999999999,0.09375,-45.89829999999999,0.53125
-45.947599999999994,-0.49375,-45.947599999999994,0.109375,-45.947599999999994,0.375
-45.99689999999999,-0.55625,-45.99689999999999,0.078125,-45.99689999999999,0.53125
-46.04619999999999,-0.55625,-46.04619999999999,0.109375,-46.04619999999999,0.375
-46.095499999999994,-0.55625,-46.095499999999994,0.109375,-46.095499999999994,0.53125
-46.14479999999999,-0.55625,-46.14479999999999,0.109375,-46.14479999999999,0.21875
-46.19409999999999,-0.5875,-46.19409999999999,0.109375,-46.19409999999999,0.53125
-46.243399999999994,-0.5875,-46.243399999999994,0.125,-46.243399999999994,0.375
-46.29269999999999,-0.5875,-46.29269999999999,0.125,-46.29269999999999,0.53125
-46.34199999999999,-0.61875,-46.34199999999999,0.125,-46.34199999999999,0.53125
-46.391299999999994,-0.5875,-46.391299999999994,0.140625,-46.391299999999994,0.53125
-46.44059999999999,-0.61875,-46.44059999999999,0.140625,-46.44059999999999,0.53125
-46.48989999999999,-0.65,-46.48989999999999,0.140625,-46.48989999999999,0.375
-46.539199999999994,-0.5875,-46.539199999999994,0.140625,-46.539199999999994,0.53125
-46.58849999999999,-0.65,-46.58849999999999,0.125,-46.58849999999999,0.53125
-46.63779999999999,-0.65,-46.63779999999999,0.125,-46.63779999999999,0.53125
-46.687099999999994,-0.68125,-46.687099999999994,0.140625,-46.687099999999994,0.375
-46.73639999999999,-0.65,-46.73639999999999,0.140625,-46.73639999999999,0.53125
-46.78569999999999,-0.68125,-46.78569999999999,0.140625,-46.78569999999999,0.375
-46.834999999999994,-0.65,-46.834999999999994,0.140625,-46.834999999999994,0.53125
-46.88429999999999,-0.65,-46.88429999999999,0.15625,-46.88429999999999,0.53125
-46.93359999999999,-0.65,-46.93359999999999,0.140625,-46.93359999999999,0.53125
-46.982899999999994,-0.7125,-46.982899999999994,0.140625,-46.982899999999994,0.53125
-47.032199999999996,-0.65,-47.032199999999996,0.140625,-47.032199999999996,0.53125
-47.08149999999999,-0.65,-47.08149999999999,0.140625,-47.08149999999999,0.375
-47.130799999999994,-0.68125,-47.130799999999994,0.140625,-47.130799999999994,0.53125
-47.180099999999996,-0.68125,-47.180099999999996,0.140625,-47.180099999999996,0.53125
-47.22939999999999,-0.7125,-47.22939999999999,0.140625,-47.22939999999999,0.375
-47.27869999999999,-0.65,-47.27869999999999,0.125,-47.27869999999999,0.53125
-47.327999999999996,-0.68125,-47.327999999999996,0.140625,-47.327999999999996,0.53125
-47.37729999999999,-0.68125,-47.37729999999999,0.140625,-47.37729999999999,0.53125
-47.42659999999999,-0.7125,-47.42659999999999,0.140625,-47.42659999999999,0.375
-47.475899999999996,-0.68125,-47.475899999999996,0.140625,-47.475899999999996,0.53125
-47.52519999999999,-0.68125,-47.52519999999999,0.140625,-47.52519999999999,0.53125
-47.57449999999999,-0.7125,-47.57449999999999,0.125,-47.57449999999999,0.375
-47.623799999999996,-0.68125,-47.623799999999996,0.125,-47.623799999999996,0.53125
-47.67309999999999,-0.68125,-47.67309999999999,0.109375,-47.67309999999999,0.53125
-47.72239999999999,-0.65,-47.72239999999999,0.109375,-47.72239999999999,0.53125
-47.771699999999996,-0.7125,-47.771699999999996,0.140625,-47.771699999999996,0.53125
-47.82099999999999,-0.65,-47.82099999999999,0.140625,-47.82099999999999,0.53125
-47.87029999999999,-0.65,-47.87029999999999,0.125,-47.87029999999999,0.375
-47.919599999999996,-0.61875,-47.919599999999996,0.125,-47.919599999999996,0.375
-47.96889999999999,-0.61875,-47.96889999999999,0.109375,-47.96889999999999,0.53125
-48.01819999999999,-0.61875,-48.01819999999999,0.109375,-48.01819999999999,0.53125
-48.067499999999995,-0.65,-48.067499999999995,0.109375,-48.067499999999995,0.53125
-48.11679999999999,-0.61875,-48.11679999999999,0.09375,-48.11679999999999,0.53125
-48.16609999999999,-0.68125,-48.16609999999999,0.09375,-48.16609999999999,0.375
-48.215399999999995,-0.5875,-48.215399999999995,0.078125,-48.215399999999995,0.53125
-48.26469999999999,-0.65,-48.26469999999999,0.078125,-48.26469999999999,0.6875
-48.31399999999999,-0.55625,-48.31399999999999,0.09375,-48.31399999999999,0.53125
-48.363299999999995,-0.61875,-48.363299999999995,0.09375,-48.363299999999995,0.375
-48.41259999999999,-0.61875,-48.41259999999999,0.078125,-48.41259999999999,0.375
-48.46189999999999,-0.5875,-48.46189999999999,0.0625,-48.46189999999999,0.375
-48.511199999999995,-0.55625,-48.511199999999995,0.0625,-48.511199999999995,0.53125
-48.56049999999999,-0.55625,-48.56049999999999,0.0625,-48.56049999999999,0.53125
-48.60979999999999,-0.5875,-48.60979999999999,0.046875,-48.60979999999999,0.53125
-48.659099999999995,-0.55625,-48.659099999999995,0.03125,-48.659099999999995,0.6875
-48.70839999999999,-0.5875,-48.70839999999999,0.046875,-48.70839999999999,0.6875
-48.75769999999999,-0.55625,-48.75769999999999,0.03125,-48.75769999999999,0.53125
-48.806999999999995,-0.525,-48.806999999999995,0.03125,-48.806999999999995,0.53125
-48.85629999999999,-0.525,-48.85629999999999,0.03125,-48.85629999999999,0.53125
-48.90559999999999,-0.525,-48.90559999999999,0.0,-48.90559999999999,0.53125
-48.954899999999995,-0.525,-48.954899999999995,0.0,-48.954899999999995,0.53125
-49.00419999999999,-0.49375,-49.00419999999999,0.015625,-49.00419999999999,0.53125
-49.05349999999999,-0.49375,-49.05349999999999,0.0,-49.05349999999999,0.375
-49.102799999999995,-0.43125,-49.102799999999995,-0.015625,-49.102799999999995,0.53125
-49.15209999999999,-0.49375,-49.15209999999999,0.0,-49.15209999999999,0.53125
-49.20139999999999,-0.49375,-49.20139999999999,-0.015625,-49.20139999999999,0.375
-49.250699999999995,-0.4625,-49.250699999999995,-0.015625,-49.250699999999995,0.53125
