Channel 1 Time,Channel 1 Voltage,Channel 2 Time,Channel 2 Voltage,Channel 3 Time,Channel 3 Voltage
-0.0992,0.015375,-0.0992,0.0495,-0.0992,0.3125
-0.1984,0.015375,-0.1984,0.0495,-0.1984,0.3125
-0.2976,0.015375,-0.2976,0.0495,-0.2976,0.3125
-0.3968,-0.015875,-0.3968,0.01825,-0.3968,0.46875
-0.496,-0.0315,-0.496,-0.013,-0.496,0.3125
-0.5952,-0.0315,-0.5952,0.01825,-0.5952,0.3125
-0.6943999999999999,-0.078375,-0.6943999999999999,-0.04425,-0.6943999999999999,0.3125
-0.7936,-0.06275,-0.7936,-0.04425,-0.7936,0.3125
-0.8927999999999999,-0.047125,-0.8927999999999999,-0.013,-0.8927999999999999,0.46875
-0.9919999999999999,-0.078375,-0.9919999999999999,-0.04425,-0.9919999999999999,0.15625
-1.0912,-0.078375,-1.0912,-0.04425,-1.0912,0.46875
-1.1904,-0.094,-1.1904,-0.0755,-1.1904,0.3125
-1.2895999999999999,-0.12525,-1.2895999999999999,-0.0755,-1.2895999999999999,0.46875
-1.3887999999999998,-0.12525,-1.3887999999999998,-0.10675,-1.3887999999999998,0.3125
-1.488,-0.140875,-1.488,-0.10675,-1.488,0.46875
-1.5872,-0.12525,-1.5872,-0.10675,-1.5872,0.3125
-1.6864,-0.140875,-1.6864,-0.16925,-1.6864,0.46875
-1.7855999999999999,-0.1565,-1.7855999999999999,-0.16925,-1.7855999999999999,0.3125
-1.8847999999999998,-0.172125,-1.8847999999999998,-0.138,-1.8847999999999998,0.3125
-1.984,-0.18775,-1.984,-0.2005,-1.984,0.46875
-2.0832,-0.219,-2.0832,-0.2005,-2.0832,0.3125
-2.1824,-0.219,-2.1824,-0.2005,-2.1824,0.3125
-2.2816,-0.234625,-2.2816,-0.2005,-2.2816,0.46875
-2.3808000000000002,-0.219,-2.3808000000000002,-0.23175,-2.3808000000000002,0.3125
-2.48,-0.219,-2.48,-0.263,-2.48,0.46875
-2.5792,-0.25025,-2.5792,-0.29425,-2.5792,0.3125
-2.6784,-0.234625,-2.6784,-0.263,-2.6784,0.46875
-2.7776,-0.25025,-2.7776,-0.263,-2.7776,0.3125
-2.8768000000000002,-0.234625,-2.8768000000000002,-0.29425,-2.8768000000000002,0.3125
-2.976,-0.265875,-2.976,-0.138,-2.976,0.3125
-3.0752,-0.265875,-3.0752,-0.10675,-3.0752,0.46875
-3.1744,-0.265875,-3.1744,-0.0755,-3.1744,0.46875
-3.2736,-0.25025,-3.2736,-0.04425,-3.2736,0.3125
-3.3728000000000002,-0.25025,-3.3728000000000002,-0.0755,-3.3728000000000002,0.46875
-3.472,-0.265875,-3.472,-0.04425,-3.472,0.3125
-3.5712,-0.265875,-3.5712,-0.04425,-3.5712,0.3125
-3.6704,-0.265875,-3.6704,-0.013,-3.6704,0.3125
-3.7696,-0.2815,-3.7696,-0.013,-3.7696,0.46875
-3.8688000000000002,-0.265875,-3.8688000000000002,0.01825,-3.8688000000000002,0.46875
-3.968,-0.265875,-3.968,-0.013,-3.968,0.46875
-4.0672,-0.265875,-4.0672,0.01825,-4.0672,0.46875
-4.166399999999999,-0.265875,-4.166399999999999,0.01825,-4.166399999999999,0.625
-4.265599999999999,-0.265875,-4.265599999999999,0.0495,-4.265599999999999,0.3125
-4.3648,-0.265875,-4.3648,0.0495,-4.3648,0.3125
-4.4639999999999995,-0.265875,-4.4639999999999995,0.08075,-4.4639999999999995,0.46875
-4.563199999999999,-0.25025,-4.563199999999999,0.0495,-4.563199999999999,0.3125
-4.6624,-0.25025,-4.6624,0.112,-4.6624,0.46875
-4.7616,-0.25025,-4.7616,0.08075,-4.7616,0.3125
-4.860799999999999,-0.25025,-4.860799999999999,0.112,-4.860799999999999,0.3125
-4.96,-0.25025,-4.96,0.112,-4.96,0.3125
-5.0592,-0.234625,-5.0592,0.112,-5.0592,0.3125
-5.158399999999999,-0.219,-5.158399999999999,0.112,-5.158399999999999,0.46875
-5.257599999999999,-0.203375,-5.257599999999999,0.112,-5.257599999999999,0.3125
-5.3568,-0.203375,-5.3568,0.112,-5.3568,0.3125
-5.4559999999999995,-0.203375,-5.4559999999999995,0.14325,-5.4559999999999995,0.3125
-5.555199999999999,-0.172125,-5.555199999999999,0.1745,-5.555199999999999,0.46875
-5.6544,-0.172125,-5.6544,0.14325,-5.6544,0.3125
-5.7536,-0.172125,-5.7536,0.14325,-5.7536,0.3125
-5.852799999999999,-0.172125,-5.852799999999999,0.14325,-5.852799999999999,0.46875
-5.952,-0.1565,-5.952,0.08075,-5.952,0.3125
-6.0512,-0.12525,-6.0512,0.14325,-6.0512,0.46875
-6.150399999999999,-0.094,-6.150399999999999,0.14325,-6.150399999999999,0.46875
-6.249599999999999,-0.12525,-6.249599999999999,0.112,-6.249599999999999,0.3125
-6.3488,-0.078375,-6.3488,0.112,-6.3488,0.3125
-6.4479999999999995,-0.094,-6.4479999999999995,0.14325,-6.4479999999999995,0.46875
-6.547199999999999,-0.078375,-6.547199999999999,0.112,-6.547199999999999,0.46875
-6.6464,-0.047125,-6.6464,0.08075,-6.6464,0.46875
-6.7456,-0.06275,-6.7456,0.08075,-6.7456,0.3125
-6.844799999999999,-0.047125,-6.844799999999999,0.112,-6.844799999999999,0.46875
-6.943999999999999,-0.0315,-6.943999999999999,0.08075,-6.943999999999999,0.46875
-7.0432,-0.0315,-7.0432,0.08075,-7.0432,0.46875
-7.142399999999999,-0.000249982,-7.142399999999999,0.0495,-7.142399999999999,0.3125
-7.241599999999999,-0.000249982,-7.241599999999999,0.0495,-7.241599999999999,0.3125
-7.3408,-0.000249982,-7.3408,0.0495,-7.3408,0.3125
-7.4399999999999995,0.015375,-7.4399999999999995,0.01825,-7.4399999999999995,0.3125
-7.539199999999999,0.031,-7.539199999999999,0.0495,-7.539199999999999,0.3125
-7.6384,0.046625,-7.6384,0.01825,-7.6384,0.46875
-7.7376,0.06225,-7.7376,0.01825,-7.7376,0.3125
-7.836799999999999,0.0935,-7.836799999999999,0.01825,-7.836799999999999,0.3125
-7.935999999999999,0.0935,-7.935999999999999,-0.013,-7.935999999999999,0.3125
-8.0352,0.109125,-8.0352,-0.013,-8.0352,0.3125
-8.1344,0.140375,-8.1344,-0.04425,-8.1344,0.3125
-8.2336,0.12475,-8.2336,-0.04425,-8.2336,0.46875
-8.332799999999999,0.12475,-8.332799999999999,-0.0755,-8.332799999999999,0.3125
-8.431999999999999,0.140375,-8.431999999999999,-0.10675,-8.431999999999999,0.3125
-8.5312,0.171625,-8.5312,-0.10675,-8.5312,0.3125
-8.6304,0.18725,-8.6304,-0.10675,-8.6304,0.3125
-8.7296,0.18725,-8.7296,-0.10675,-8.7296,0.3125
-8.8288,0.202875,-8.8288,-0.138,-8.8288,0.625
-8.927999999999999,0.202875,-8.927999999999999,-0.138,-8.927999999999999,0.46875
-9.027199999999999,0.2185,-9.027199999999999,-0.138,-9.027199999999999,0.3125
-9.1264,0.2185,-9.1264,-0.2005,-9.1264,0.3125
-9.2256,0.234125,-9.2256,-0.2005,-9.2256,0.3125
-9.3248,0.2185,-9.3248,-0.2005,-9.3248,0.3125
-9.424,0.24975,-9.424,-0.23175,-9.424,0.46875
-9.5232,0.24975,-9.5232,-0.23175,-9.5232,0.3125
-9.622399999999999,0.24975,-9.622399999999999,-0.263,-9.622399999999999,0.15625
-9.721599999999999,0.24975,-9.721599999999999,-0.23175,-9.721599999999999,0.46875
-9.8208,0.281,-9.8208,-0.263,-9.8208,0.46875
-9.92,0.265375,-9.92,-0.138,-9.92,0.46875
-10.0192,0.265375,-10.0192,-0.16925,-10.0192,0.3125
-10.1184,0.296625,-10.1184,-0.16925,-10.1184,0.3125
-10.2176,0.296625,-10.2176,-0.16925,-10.2176,0.3125
-10.316799999999999,0.281,-10.316799999999999,-0.138,-10.316799999999999,0.3125
-10.415999999999999,0.296625,-10.415999999999999,-0.138,-10.415999999999999,0.3125
-10.5152,0.296625,-10.5152,-0.138,-10.5152,0.3125
-10.6144,0.296625,-10.6144,-0.0755,-10.6144,0.46875
-10.7136,0.31225,-10.7136,-0.04425,-10.7136,0.3125
-10.8128,0.31225,-10.8128,-0.04425,-10.8128,0.3125
-10.911999999999999,0.281,-10.911999999999999,-0.04425,-10.911999999999999,0.15625
-11.011199999999999,0.281,-11.011199999999999,-0.04425,-11.011199999999999,0.15625
-11.110399999999998,0.296625,-11.110399999999998,-0.013,-11.110399999999998,0.15625
-11.2096,0.296625,-11.2096,0.01825,-11.2096,0.3125
-11.3088,0.31225,-11.3088,0.01825,-11.3088,0.3125
-11.408,0.281,-11.408,0.01825,-11.408,0.46875
-11.5072,0.281,-11.5072,0.0495,-11.5072,0.46875
-11.606399999999999,0.265375,-11.606399999999999,0.0495,-11.606399999999999,0.3125
-11.705599999999999,0.296625,-11.705599999999999,0.08075,-11.705599999999999,0.3125
-11.8048,0.265375,-11.8048,0.0495,-11.8048,0.3125
-11.904,0.24975,-11.904,0.08075,-11.904,0.46875
-12.0032,0.24975,-12.0032,0.08075,-12.0032,0.3125
-12.1024,0.234125,-12.1024,0.112,-12.1024,0.3125
-12.2016,0.2185,-12.2016,0.112,-12.2016,0.3125
-12.300799999999999,0.2185,-12.300799999999999,0.112,-12.300799999999999,0.3125
-12.399999999999999,0.2185,-12.399999999999999,0.112,-12.399999999999999,0.3125
-12.4992,0.202875,-12.4992,0.14325,-12.4992,0.46875
-12.5984,0.2185,-12.5984,0.1745,-12.5984,0.3125
-12.6976,0.18725,-12.6976,0.1745,-12.6976,0.46875
-12.7968,0.18725,-12.7968,0.112,-12.7968,0.3125
-12.895999999999999,0.156,-12.895999999999999,0.1745,-12.895999999999999,0.3125
-12.995199999999999,0.156,-12.995199999999999,0.14325,-12.995199999999999,0.3125
-13.094399999999998,0.156,-13.094399999999998,0.14325,-13.094399999999998,0.3125
-13.1936,0.156,-13.1936,0.14325,-13.1936,0.3125
-13.2928,0.12475,-13.2928,0.112,-13.2928,0.3125
-13.392,0.12475,-13.392,0.112,-13.392,0.3125
-13.4912,0.0935,-13.4912,0.112,-13.4912,0.3125
-13.590399999999999,0.0935,-13.590399999999999,0.112,-13.590399999999999,0.15625
-13.689599999999999,0.077875,-13.689599999999999,0.112,-13.689599999999999,0.46875
-13.788799999999998,0.06225,-13.788799999999998,0.112,-13.788799999999998,0.3125
-13.888,0.06225,-13.888,0.112,-13.888,0.15625
-13.9872,0.046625,-13.9872,0.112,-13.9872,0.46875
-14.0864,0.015375,-14.0864,0.08075,-14.0864,0.3125
-14.185599999999999,0.015375,-14.185599999999999,0.08075,-14.185599999999999,0.46875
-14.284799999999999,0.015375,-14.284799999999999,0.0495,-14.284799999999999,0.3125
-14.383999999999999,-0.015875,-14.383999999999999,0.08075,-14.383999999999999,0.15625
-14.4832,-0.015875,-14.4832,0.0495,-14.4832,0.46875
-14.5824,-0.0315,-14.5824,0.0495,-14.5824,0.3125
-14.6816,-0.0315,-14.6816,0.01825,-14.6816,0.3125
-14.7808,-0.0315,-14.7808,0.01825,-14.7808,0.46875
-14.879999999999999,-0.078375,-14.879999999999999,-0.013,-14.879999999999999,0.46875
-14.979199999999999,-0.06275,-14.979199999999999,-0.013,-14.979199999999999,0.46875
-15.078399999999998,-0.094,-15.078399999999998,-0.013,-15.078399999999998,0.46875
-15.1776,-0.094,-15.1776,-0.04425,-15.1776,0.3125
-15.2768,-0.109625,-15.2768,-0.04425,-15.2768,0.3125
-15.376,-0.109625,-15.376,-0.0755,-15.376,0.3125
-15.4752,-0.140875,-15.4752,-0.0755,-15.4752,0.3125
-15.574399999999999,-0.140875,-15.574399999999999,-0.0755,-15.574399999999999,0.3125
-15.673599999999999,-0.1565,-15.673599999999999,-0.10675,-15.673599999999999,0.625
-15.772799999999998,-0.172125,-15.772799999999998,-0.138,-15.772799999999998,0.46875
-15.872,-0.18775,-15.872,-0.138,-15.872,0.46875
-15.9712,-0.203375,-15.9712,-0.16925,-15.9712,0.46875
-16.0704,-0.203375,-16.0704,-0.2005,-16.0704,0.3125
-16.1696,-0.219,-16.1696,-0.16925,-16.1696,0.3125
-16.2688,-0.219,-16.2688,-0.2005,-16.2688,0.3125
-16.368,-0.219,-16.368,-0.2005,-16.368,0.3125
-16.4672,-0.234625,-16.4672,-0.2005,-16.4672,0.15625
-16.566399999999998,-0.219,-16.566399999999998,-0.263,-16.566399999999998,0.46875
-16.665599999999998,-0.219,-16.665599999999998,-0.23175,-16.665599999999998,0.46875
-16.764799999999997,-0.25025,-16.764799999999997,-0.263,-16.764799999999997,0.3125
-16.864,-0.265875,-16.864,-0.263,-16.864,0.3125
-16.9632,-0.265875,-16.9632,-0.2005,-16.9632,0.46875
-17.0624,-0.25025,-17.0624,-0.16925,-17.0624,0.46875
-17.1616,-0.265875,-17.1616,-0.138,-17.1616,0.46875
-17.2608,-0.265875,-17.2608,-0.10675,-17.2608,0.15625
-17.36,-0.265875,-17.36,-0.10675,-17.36,0.3125
-17.4592,-0.25025,-17.4592,-0.10675,-17.4592,0.3125
-17.5584,-0.2815,-17.5584,-0.0755,-17.5584,0.46875
-17.6576,-0.265875,-17.6576,-0.04425,-17.6576,0.46875
-17.7568,-0.265875,-17.7568,-0.04425,-17.7568,0.3125
-17.855999999999998,-0.265875,-17.855999999999998,-0.013,-17.855999999999998,0.3125
-17.955199999999998,-0.297125,-17.955199999999998,-0.04425,-17.955199999999998,0.3125
-18.054399999999998,-0.2815,-18.054399999999998,-0.013,-18.054399999999998,0.3125
-18.1536,-0.265875,-18.1536,-0.013,-18.1536,0.46875
-18.2528,-0.265875,-18.2528,0.0495,-18.2528,0.46875
-18.352,-0.265875,-18.352,0.0495,-18.352,0.3125
-18.4512,-0.25025,-18.4512,0.0495,-18.4512,0.46875
-18.5504,-0.265875,-18.5504,0.0495,-18.5504,0.3125
-18.6496,-0.234625,-18.6496,0.0495,-18.6496,0.46875
-18.7488,-0.25025,-18.7488,0.0495,-18.7488,0.46875
-18.848,-0.25025,-18.848,0.08075,-18.848,0.3125
-18.9472,-0.234625,-18.9472,0.08075,-18.9472,0.46875
-19.0464,-0.234625,-19.0464,0.08075,-19.0464,0.3125
-19.145599999999998,-0.234625,-19.145599999999998,0.112,-19.145599999999998,0.46875
-19.244799999999998,-0.219,-19.244799999999998,0.08075,-19.244799999999998,0.3125
-19.343999999999998,-0.18775,-19.343999999999998,0.112,-19.343999999999998,0.3125
-19.443199999999997,-0.219,-19.443199999999997,0.112,-19.443199999999997,0.3125
-19.5424,-0.18775,-19.5424,0.14325,-19.5424,0.3125
-19.6416,-0.172125,-19.6416,0.14325,-19.6416,0.3125
-19.7408,-0.1565,-19.7408,0.112,-19.7408,0.3125
-19.84,-0.1565,-19.84,0.112,-19.84,0.3125
-19.9392,-0.1565,-19.9392,0.112,-19.9392,0.3125
-20.0384,-0.140875,-20.0384,0.14325,-20.0384,0.15625
-20.1376,-0.12525,-20.1376,0.14325,-20.1376,0.46875
-20.2368,-0.12525,-20.2368,0.112,-20.2368,0.46875
-20.336,-0.094,-20.336,0.14325,-20.336,0.3125
-20.4352,-0.094,-20.4352,0.112,-20.4352,0.3125
-20.534399999999998,-0.094,-20.534399999999998,0.08075,-20.534399999999998,0.3125
-20.633599999999998,-0.06275,-20.633599999999998,0.112,-20.633599999999998,0.3125
-20.732799999999997,-0.06275,-20.732799999999997,0.112,-20.732799999999997,0.3125
-20.832,-0.06275,-20.832,0.08075,-20.832,0.3125
-20.9312,-0.047125,-20.9312,0.08075,-20.9312,0.3125
-21.0304,-0.015875,-21.0304,0.08075,-21.0304,0.3125
-21.1296,-0.015875,-21.1296,0.0495,-21.1296,0.46875
-21.2288,-0.000249982,-21.2288,0.0495,-21.2288,0.3125
-21.328,0.031,-21.328,0.0495,-21.328,0.3125
-21.4272,0.015375,-21.4272,0.01825,-21.4272,0.3125
-21.5264,0.031,-21.5264,0.0495,-21.5264,0.3125
-21.6256,0.046625,-21.6256,-0.013,-21.6256,0.46875
-21.7248,0.06225,-21.7248,-0.013,-21.7248,0.46875
-21.823999999999998,0.077875,-21.823999999999998,-0.013,-21.823999999999998,0.3125
-21.923199999999998,0.0935,-21.923199999999998,-0.04425,-21.923199999999998,0.3125
-22.022399999999998,0.109125,-22.022399999999998,-0.013,-22.022399999999998,0.3125
-22.121599999999997,0.12475,-22.121599999999997,-0.0755,-22.121599999999997,0.3125
-22.2208,0.12475,-22.2208,-0.04425,-22.2208,0.3125
-22.32,0.140375,-22.32,-0.0755,-22.32,0.3125
-22.4192,0.171625,-22.4192,-0.138,-22.4192,0.3125
-22.5184,0.171625,-22.5184,-0.10675,-22.5184,0.46875
-22.6176,0.156,-22.6176,-0.10675,-22.6176,0.3125
-22.7168,0.202875,-22.7168,-0.138,-22.7168,0.46875
-22.816,0.171625,-22.816,-0.16925,-22.816,0.46875
-22.9152,0.202875,-22.9152,-0.16925,-22.9152,0.3125
-23.0144,0.202875,-23.0144,-0.2005,-23.0144,0.46875
-23.113599999999998,0.2185,-23.113599999999998,-0.2005,-23.113599999999998,0.3125
-23.212799999999998,0.2185,-23.212799999999998,-0.2005,-23.212799999999998,0.3125
-23.311999999999998,0.234125,-23.311999999999998,-0.23175,-23.311999999999998,0.3125
-23.411199999999997,0.234125,-23.411199999999997,-0.23175,-23.411199999999997,0.3125
-23.5104,0.24975,-23.5104,-0.23175,-23.5104,0.15625
-23.6096,0.24975,-23.6096,-0.29425,-23.6096,0.46875
-23.7088,0.281,-23.7088,-0.29425,-23.7088,0.46875
-23.808,0.24975,-23.808,-0.29425,-23.808,0.3125
-23.9072,0.265375,-23.9072,-0.16925,-23.9072,0.46875
-24.0064,0.265375,-24.0064,-0.138,-24.0064,0.3125
-24.1056,0.281,-24.1056,-0.138,-24.1056,0.46875
-24.2048,0.265375,-24.2048,-0.10675,-24.2048,0.3125
-24.304,0.296625,-24.304,-0.10675,-24.304,0.46875
-24.4032,0.296625,-24.4032,-0.10675,-24.4032,0.3125
-24.502399999999998,0.296625,-24.502399999999998,-0.0755,-24.502399999999998,0.3125
-24.601599999999998,0.296625,-24.601599999999998,-0.0755,-24.601599999999998,0.3125
-24.700799999999997,0.296625,-24.700799999999997,-0.04425,-24.700799999999997,0.3125
-24.799999999999997,0.281,-24.799999999999997,-0.04425,-24.799999999999997,0.3125
-24.8992,0.31225,-24.8992,-0.013,-24.8992,0.3125
-24.9984,0.296625,-24.9984,-0.013,-24.9984,0.46875
-25.0976,0.31225,-25.0976,-0.013,-25.0976,0.46875
-25.1968,0.281,-25.1968,0.01825,-25.1968,0.3125
-25.296,0.281,-25.296,0.0495,-25.296,0.3125
-25.3952,0.281,-25.3952,0.0495,-25.3952,0.15625
-25.4944,0.265375,-25.4944,0.08075,-25.4944,0.46875
-25.5936,0.265375,-25.5936,0.08075,-25.5936,0.3125
-25.6928,0.296625,-25.6928,0.08075,-25.6928,0.46875
-25.791999999999998,0.281,-25.791999999999998,0.112,-25.791999999999998,0.3125
-25.891199999999998,0.24975,-25.891199999999998,0.08075,-25.891199999999998,0.3125
-25.990399999999998,0.24975,-25.990399999999998,0.112,-25.990399999999998,0.3125
-26.089599999999997,0.234125,-26.089599999999997,0.112,-26.089599999999997,0.46875
-26.1888,0.234125,-26.1888,0.14325,-26.1888,0.3125
-26.288,0.234125,-26.288,0.112,-26.288,0.46875
-26.3872,0.2185,-26.3872,0.14325,-26.3872,0.46875
-26.4864,0.234125,-26.4864,0.14325,-26.4864,0.46875
-26.5856,0.18725,-26.5856,0.14325,-26.5856,0.3125
-26.6848,0.171625,-26.6848,0.14325,-26.6848,0.46875
-26.784,0.171625,-26.784,0.14325,-26.784,0.3125
-26.8832,0.156,-26.8832,0.1745,-26.8832,0.3125
-26.9824,0.156,-26.9824,0.1745,-26.9824,0.46875
-27.081599999999998,0.171625,-27.081599999999998,0.1745,-27.081599999999998,0.15625
-27.180799999999998,0.140375,-27.180799999999998,0.14325,-27.180799999999998,0.3125
-27.279999999999998,0.156,-27.279999999999998,0.14325,-27.279999999999998,0.46875
-27.379199999999997,0.156,-27.379199999999997,0.1745,-27.379199999999997,0.3125
-27.478399999999997,0.12475,-27.478399999999997,0.1745,-27.478399999999997,0.3125
-27.5776,0.0935,-27.5776,0.112,-27.5776,0.3125
-27.6768,0.0935,-27.6768,0.112,-27.6768,0.46875
-27.776,0.06225,-27.776,0.112,-27.776,0.3125
-27.8752,0.046625,-27.8752,0.112,-27.8752,0.3125
-27.9744,0.031,-27.9744,0.112,-27.9744,0.46875
-28.0736,0.031,-28.0736,0.08075,-28.0736,0.46875
-28.1728,0.031,-28.1728,0.08075,-28.1728,0.3125
-28.272,0.015375,-28.272,0.08075,-28.272,0.3125
-28.371199999999998,-0.015875,-28.371199999999998,0.0495,-28.371199999999998,0.3125
-28.470399999999998,-0.015875,-28.470399999999998,0.0495,-28.470399999999998,0.3125
-28.569599999999998,-0.0315,-28.569599999999998,0.01825,-28.569599999999998,0.46875
-28.668799999999997,-0.0315,-28.668799999999997,0.01825,-28.668799999999997,0.3125
-28.767999999999997,-0.06275,-28.767999999999997,0.01825,-28.767999999999997,0.3125
-28.8672,-0.06275,-28.8672,0.01825,-28.8672,0.46875
-28.9664,-0.06275,-28.9664,0.01825,-28.9664,0.46875
-29.0656,-0.078375,-29.0656,-0.04425,-29.0656,0.46875
-29.1648,-0.094,-29.1648,-0.04425,-29.1648,0.3125
-29.264,-0.109625,-29.264,-0.04425,-29.264,0.46875
-29.3632,-0.12525,-29.3632,-0.0755,-29.3632,0.46875
-29.4624,-0.140875,-29.4624,-0.0755,-29.4624,0.3125
-29.5616,-0.1565,-29.5616,-0.10675,-29.5616,0.3125
-29.6608,-0.172125,-29.6608,-0.10675,-29.6608,0.3125
-29.759999999999998,-0.172125,-29.759999999999998,-0.138,-29.759999999999998,0.46875
-29.859199999999998,-0.1565,-29.859199999999998,-0.138,-29.859199999999998,0.3125
-29.958399999999997,-0.18775,-29.958399999999997,-0.138,-29.958399999999997,0.3125
-30.057599999999997,-0.203375,-30.057599999999997,-0.2005,-30.057599999999997,0.3125
-30.156799999999997,-0.18775,-30.156799999999997,-0.2005,-30.156799999999997,0.3125
-30.256,-0.203375,-30.256,-0.23175,-30.256,0.46875
-30.3552,-0.234625,-30.3552,-0.23175,-30.3552,0.3125
-30.4544,-0.234625,-30.4544,-0.23175,-30.4544,0.46875
-30.5536,-0.219,-30.5536,-0.29425,-30.5536,0.3125
-30.6528,-0.25025,-30.6528,-0.263,-30.6528,0.46875
-30.752,-0.25025,-30.752,-0.29425,-30.752,0.3125
-30.8512,-0.25025,-30.8512,-0.29425,-30.8512,0.46875
-30.9504,-0.234625,-30.9504,-0.29425,-30.9504,0.46875
-31.049599999999998,-0.265875,-31.049599999999998,-0.10675,-31.049599999999998,0.3125
-31.148799999999998,-0.265875,-31.148799999999998,-0.10675,-31.148799999999998,0.46875
-31.247999999999998,-0.25025,-31.247999999999998,-0.10675,-31.247999999999998,0.46875
-31.347199999999997,-0.265875,-31.347199999999997,-0.0755,-31.347199999999997,0.46875
-31.446399999999997,-0.25025,-31.446399999999997,-0.0755,-31.446399999999997,0.46875
-31.5456,-0.265875,-31.5456,-0.04425,-31.5456,0.46875
-31.6448,-0.2815,-31.6448,-0.0755,-31.6448,0.46875
-31.744,-0.2815,-31.744,-0.04425,-31.744,0.3125
-31.8432,-0.265875,-31.8432,-0.013,-31.8432,0.46875
-31.9424,-0.2815,-31.9424,-0.04425,-31.9424,0.15625
-32.0416,-0.2815,-32.0416,0.01825,-32.0416,0.3125
-32.1408,-0.25025,-32.1408,0.01825,-32.1408,0.3125
-32.24,-0.265875,-32.24,0.01825,-32.24,0.3125
-32.339200000000005,-0.2815,-32.339200000000005,0.01825,-32.339200000000005,0.3125
-32.4384,-0.2815,-32.4384,0.0495,-32.4384,0.3125
-32.537600000000005,-0.25025,-32.537600000000005,-0.013,-32.537600000000005,0.3125
-32.6368,-0.25025,-32.6368,0.0495,-32.6368,0.3125
-32.736000000000004,-0.234625,-32.736000000000004,0.08075,-32.736000000000004,0.46875
-32.8352,-0.25025,-32.8352,0.08075,-32.8352,0.3125
-32.934400000000004,-0.234625,-32.934400000000004,0.0495,-32.934400000000004,0.3125
-33.0336,-0.219,-33.0336,0.0495,-33.0336,0.46875
-33.1328,-0.25025,-33.1328,0.08075,-33.1328,0.3125
-33.232,-0.219,-33.232,0.08075,-33.232,0.3125
-33.3312,-0.18775,-33.3312,0.112,-33.3312,0.3125
-33.4304,-0.203375,-33.4304,0.112,-33.4304,0.3125
-33.5296,-0.18775,-33.5296,0.08075,-33.5296,0.3125
-33.628800000000005,-0.18775,-33.628800000000005,0.08075,-33.628800000000005,0.46875
-33.728,-0.172125,-33.728,0.14325,-33.728,0.3125
-33.827200000000005,-0.1565,-33.827200000000005,0.112,-33.827200000000005,0.46875
-33.9264,-0.12525,-33.9264,0.14325,-33.9264,0.3125
-34.025600000000004,-0.109625,-34.025600000000004,0.112,-34.025600000000004,0.46875
-34.1248,-0.094,-34.1248,0.112,-34.1248,0.46875
-34.224000000000004,-0.12525,-34.224000000000004,0.112,-34.224000000000004,0.3125
-34.3232,-0.109625,-34.3232,0.112,-34.3232,0.3125
-34.4224,-0.094,-34.4224,0.112,-34.4224,0.46875
-34.5216,-0.109625,-34.5216,0.14325,-34.5216,0.3125
-34.6208,-0.078375,-34.6208,0.112,-34.6208,0.3125
-34.72,-0.06275,-34.72,0.112,-34.72,0.3125
-34.8192,-0.0315,-34.8192,0.08075,-34.8192,0.3125
-34.918400000000005,-0.0315,-34.918400000000005,0.08075,-34.918400000000005,0.46875
-35.0176,-0.0315,-35.0176,0.112,-35.0176,0.46875
-35.116800000000005,-0.000249982,-35.116800000000005,0.08075,-35.116800000000005,0.3125
-35.216,0.031,-35.216,0.08075,-35.216,0.46875
-35.315200000000004,0.015375,-35.315200000000004,0.0495,-35.315200000000004,0.3125
-35.4144,0.046625,-35.4144,0.0495,-35.4144,0.3125
-35.513600000000004,0.031,-35.513600000000004,0.0495,-35.513600000000004,0.3125
-35.6128,0.046625,-35.6128,0.0495,-35.6128,0.3125
-35.712,0.031,-35.712,0.01825,-35.712,0.3125
-35.8112,0.06225,-35.8112,0.01825,-35.8112,0.3125
-35.9104,0.0935,-35.9104,-0.013,-35.9104,0.3125
-36.0096,0.0935,-36.0096,-0.04425,-36.0096,0.3125
-36.1088,0.109125,-36.1088,-0.013,-36.1088,0.3125
-36.208000000000006,0.140375,-36.208000000000006,-0.04425,-36.208000000000006,0.46875
-36.3072,0.140375,-36.3072,-0.04425,-36.3072,0.3125
-36.406400000000005,0.156,-36.406400000000005,-0.04425,-36.406400000000005,0.3125
-36.5056,0.171625,-36.5056,-0.10675,-36.5056,0.46875
-36.604800000000004,0.156,-36.604800000000004,-0.10675,-36.604800000000004,0.3125
-36.704,0.202875,-36.704,-0.10675,-36.704,0.3125
-36.803200000000004,0.202875,-36.803200000000004,-0.10675,-36.803200000000004,0.3125
-36.9024,0.202875,-36.9024,-0.138,-36.9024,0.46875
-37.0016,0.234125,-37.0016,-0.138,-37.0016,0.46875
-37.1008,0.202875,-37.1008,-0.138,-37.1008,0.46875
-37.2,0.234125,-37.2,-0.2005,-37.2,0.3125
-37.2992,0.2185,-37.2992,-0.16925,-37.2992,0.3125
-37.3984,0.234125,-37.3984,-0.23175,-37.3984,0.15625
-37.4976,0.281,-37.4976,-0.2005,-37.4976,0.3125
-37.5968,0.281,-37.5968,-0.23175,-37.5968,0.3125
-37.696000000000005,0.24975,-37.696000000000005,-0.263,-37.696000000000005,0.3125
-37.7952,0.281,-37.7952,-0.29425,-37.7952,0.3125
-37.894400000000005,0.281,-37.894400000000005,-0.263,-37.894400000000005,0.3125
-37.9936,0.281,-37.9936,-0.23175,-37.9936,0.3125
-38.092800000000004,0.296625,-38.092800000000004,-0.16925,-38.092800000000004,0.3125
-38.192,0.281,-38.192,-0.16925,-38.192,0.3125
-38.2912,0.296625,-38.2912,-0.138,-38.2912,0.3125
-38.3904,0.281,-38.3904,-0.138,-38.3904,0.46875
-38.4896,0.296625,-38.4896,-0.0755,-38.4896,0.3125
-38.5888,0.281,-38.5888,-0.0755,-38.5888,0.3125
-38.688,0.31225,-38.688,-0.0755,-38.688,0.46875
-38.7872,0.296625,-38.7872,-0.013,-38.7872,0.46875
-38.8864,0.281,-38.8864,-0.04425,-38.8864,0.3125
-38.985600000000005,0.281,-38.985600000000005,-0.04425,-38.985600000000005,0.15625
-39.0848,0.281,-39.0848,-0.04425,-39.0848,0.3125
-39.184000000000005,0.31225,-39.184000000000005,-0.04425,-39.184000000000005,0.3125
-39.2832,0.31225,-39.2832,-0.013,-39.2832,0.3125
-39.382400000000004,0.31225,-39.382400000000004,0.01825,-39.382400000000004,0.3125
-39.4816,0.281,-39.4816,0.01825,-39.4816,0.46875
-39.5808,0.296625,-39.5808,0.01825,-39.5808,0.3125
-39.68,0.281,-39.68,0.0495,-39.68,0.3125
-39.7792,0.24975,-39.7792,0.08075,-39.7792,0.46875
-39.8784,0.24975,-39.8784,0.08075,-39.8784,0.46875
-39.9776,0.24975,-39.9776,0.0495,-39.9776,0.3125
-40.0768,0.24975,-40.0768,0.112,-40.0768,0.15625
-40.176,0.24975,-40.176,0.08075,-40.176,0.46875
-40.275200000000005,0.234125,-40.275200000000005,0.08075,-40.275200000000005,0.3125
-40.3744,0.2185,-40.3744,0.112,-40.3744,0.46875
-40.473600000000005,0.2185,-40.473600000000005,0.112,-40.473600000000005,0.15625
-40.5728,0.202875,-40.5728,0.08075,-40.5728,0.3125
-40.672000000000004,0.202875,-40.672000000000004,0.112,-40.672000000000004,0.46875
-40.7712,0.202875,-40.7712,0.112,-40.7712,0.3125
-40.870400000000004,0.18725,-40.870400000000004,0.112,-40.870400000000004,0.3125
-40.9696,0.156,-40.9696,0.14325,-40.9696,0.3125
-41.0688,0.140375,-41.0688,0.14325,-41.0688,0.3125
-41.168,0.156,-41.168,0.112,-41.168,0.46875
-41.2672,0.156,-41.2672,0.112,-41.2672,0.46875
-41.3664,0.12475,-41.3664,0.112,-41.3664,0.3125
-41.4656,0.109125,-41.4656,0.08075,-41.4656,0.3125
-41.564800000000005,0.0935,-41.564800000000005,0.08075,-41.564800000000005,0.46875
-41.664,0.0935,-41.664,0.08075,-41.664,0.3125
-41.763200000000005,0.06225,-41.763200000000005,0.08075,-41.763200000000005,0.15625
-41.8624,0.077875,-41.8624,0.0495,-41.8624,0.15625
-41.961600000000004,0.06225,-41.961600000000004,0.08075,-41.961600000000004,0.3125
-42.0608,0.046625,-42.0608,0.08075,-42.0608,0.3125
-42.160000000000004,0.031,-42.160000000000004,0.0495,-42.160000000000004,0.3125
-42.2592,-0.000249982,-42.2592,0.0495,-42.2592,0.15625
-42.3584,0.015375,-42.3584,0.0495,-42.3584,0.46875
-42.4576,-0.015875,-42.4576,0.0495,-42.4576,0.3125
-42.5568,-0.0315,-42.5568,-0.013,-42.5568,0.46875
-42.656,-0.047125,-42.656,-0.04425,-42.656,0.3125
-42.7552,-0.06275,-42.7552,-0.013,-42.7552,0.46875
-42.8544,-0.078375,-42.8544,-0.04425,-42.8544,0.46875
-42.9536,-0.047125,-42.9536,-0.04425,-42.9536,0.3125
-43.052800000000005,-0.094,-43.052800000000005,-0.04425,-43.052800000000005,0.3125
-43.152,-0.109625,-43.152,-0.0755,-43.152,0.3125
-43.251200000000004,-0.109625,-43.251200000000004,-0.0755,-43.251200000000004,0.46875
-43.3504,-0.12525,-43.3504,-0.0755,-43.3504,0.3125
-43.449600000000004,-0.12525,-43.449600000000004,-0.0755,-43.449600000000004,0.3125
-43.5488,-0.1565,-43.5488,-0.10675,-43.5488,0.3125
-43.648,-0.1565,-43.648,-0.10675,-43.648,0.3125
-43.7472,-0.172125,-43.7472,-0.138,-43.7472,0.3125
-43.8464,-0.172125,-43.8464,-0.16925,-43.8464,0.3125
-43.9456,-0.172125,-43.9456,-0.16925,-43.9456,0.3125
-44.0448,-0.203375,-44.0448,-0.2005,-44.0448,0.3125
-44.144,-0.219,-44.144,-0.23175,-44.144,0.3125
-44.2432,-0.203375,-44.2432,-0.23175,-44.2432,0.3125
-44.342400000000005,-0.219,-44.342400000000005,-0.2005,-44.342400000000005,0.3125
-44.4416,-0.219,-44.4416,-0.23175,-44.4416,0.3125
-44.540800000000004,-0.234625,-44.540800000000004,-0.29425,-44.540800000000004,0.3125
-44.64,-0.219,-44.64,-0.263,-44.64,0.3125
-44.739200000000004,-0.234625,-44.739200000000004,-0.29425,-44.739200000000004,0.3125
-44.8384,-0.25025,-44.8384,-0.263,-44.8384,0.46875
-44.9376,-0.25025,-44.9376,-0.16925,-44.9376,0.46875
-45.0368,-0.265875,-45.0368,-0.138,-45.0368,0.3125
-45.136,-0.265875,-45.136,-0.10675,-45.136,0.3125
-45.2352,-0.25025,-45.2352,-0.10675,-45.2352,0.46875
-45.3344,-0.25025,-45.3344,-0.10675,-45.3344,0.3125
-45.4336,-0.2815,-45.4336,-0.0755,-45.4336,0.46875
-45.5328,-0.2815,-45.5328,-0.0755,-45.5328,0.46875
-45.632000000000005,-0.2815,-45.632000000000005,-0.0755,-45.632000000000005,0.3125
-45.7312,-0.2815,-45.7312,-0.013,-45.7312,0.3125
-45.830400000000004,-0.2815,-45.830400000000004,-0.04425,-45.830400000000004,0.3125
-45.9296,-0.265875,-45.9296,-0.04425,-45.9296,0.46875
-46.028800000000004,-0.2815,-46.028800000000004,-0.04425,-46.028800000000004,0.3125
-46.128,-0.25025,-46.128,-0.013,-46.128,0.3125
-46.2272,-0.265875,-46.2272,0.01825,-46.2272,0.3125
-46.3264,-0.25025,-46.3264,0.01825,-46.3264,0.3125
-46.4256,-0.25025,-46.4256,0.01825,-46.4256,0.3125
-46.5248,-0.25025,-46.5248,0.0495,-46.5248,0.3125
-46.624,-0.265875,-46.624,0.0495,-46.624,0.3125
-46.7232,-0.25025,-46.7232,0.0495,-46.7232,0.3125
-46.8224,-0.25025,-46.8224,0.0495,-46.8224,0.3125
-46.921600000000005,-0.234625,-46.921600000000005,0.0495,-46.921600000000005,0.3125
-47.0208,-0.219,-47.0208,0.0495,-47.0208,0.46875
-47.120000000000005,-0.219,-47.120000000000005,0.08075,-47.120000000000005,0.46875
-47.2192,-0.219,-47.2192,0.112,-47.2192,0.3125
-47.318400000000004,-0.203375,-47.318400000000004,0.112,-47.318400000000004,0.3125
-47.4176,-0.18775,-47.4176,0.112,-47.4176,0.46875
-47.5168,-0.18775,-47.5168,0.112,-47.5168,0.46875
-47.616,-0.172125,-47.616,0.112,-47.616,0.46875
-47.7152,-0.18775,-47.7152,0.112,-47.7152,0.3125
-47.8144,-0.172125,-47.8144,0.112,-47.8144,0.3125
-47.9136,-0.172125,-47.9136,0.112,-47.9136,0.3125
-48.0128,-0.1565,-48.0128,0.112,-48.0128,0.46875
-48.112,-0.12525,-48.112,0.14325,-48.112,0.3125
-48.2112,-0.12525,-48.2112,0.112,-48.2112,0.46875
-48.3104,-0.094,-48.3104,0.112,-48.3104,0.46875
-48.409600000000005,-0.109625,-48.409600000000005,0.112,-48.409600000000005,0.3125
-48.5088,-0.06275,-48.5088,0.14325,-48.5088,0.3125
-48.608000000000004,-0.094,-48.608000000000004,0.112,-48.608000000000004,0.3125
-48.7072,-0.06275,-48.7072,0.112,-48.7072,0.3125
-48.806400000000004,-0.047125,-48.806400000000004,0.112,-48.806400000000004,0.3125
-48.9056,-0.06275,-48.9056,0.112,-48.9056,0.3125
-49.0048,-0.015875,-49.0048,0.112,-49.0048,0.46875
-49.104,-0.015875,-49.104,0.08075,-49.104,0.46875
-49.2032,-0.015875,-49.2032,0.08075,-49.2032,0.3125
-49.3024,0.031,-49.3024,0.0495,-49.3024,0.46875
-49.4016,0.031,-49.4016,0.0495,-49.4016,0.46875
-49.5008,0.031,-49.5008,0.08075,-49.5008,0.46875
-49.6,0.046625,-49.6,0.0495,-49.6,0.3125
-49.699200000000005,0.06225,-49.699200000000005,0.0495,-49.699200000000005,0.46875
-49.7984,0.06225,-49.7984,0.01825,-49.7984,0.3125
-49.897600000000004,0.077875,-49.897600000000004,-0.013,-49.897600000000004,0.3125
-49.9968,0.0935,-49.9968,0.01825,-49.9968,0.46875
-50.096000000000004,0.109125,-50.096000000000004,-0.04425,-50.096000000000004,0.3125
-50.1952,0.12475,-50.1952,-0.04425,-50.1952,0.46875
-50.2944,0.109125,-50.2944,-0.04425,-50.2944,0.46875
-50.3936,0.140375,-50.3936,-0.04425,-50.3936,0.3125
-50.4928,0.156,-50.4928,-0.10675,-50.4928,0.3125
-50.592,0.156,-50.592,-0.138,-50.592,0.46875
-50.6912,0.171625,-50.6912,-0.10675,-50.6912,0.3125
-50.7904,0.202875,-50.7904,-0.10675,-50.7904,0.3125
-50.8896,0.18725,-50.8896,-0.138,-50.8896,0.3125
-50.988800000000005,0.202875,-50.988800000000005,-0.10675,-50.988800000000005,0.3125
-51.088,0.2185,-51.088,-0.138,-51.088,0.46875
-51.187200000000004,0.2185,-51.187200000000004,-0.16925,-51.187200000000004,0.3125
-51.2864,0.234125,-51.2864,-0.2005,-51.2864,0.3125
-51.385600000000004,0.24975,-51.385600000000004,-0.2005,-51.385600000000004,0.3125
-51.4848,0.24975,-51.4848,-0.23175,-51.4848,0.46875
-51.584,0.265375,-51.584,-0.263,-51.584,0.3125
-51.6832,0.265375,-51.6832,-0.23175,-51.6832,0.3125
-51.7824,0.265375,-51.7824,-0.263,-51.7824,0.46875
-51.8816,0.281,-51.8816,-0.29425,-51.8816,0.3125
-51.9808,0.281,-51.9808,-0.16925,-51.9808,0.46875
-52.08,0.281,-52.08,-0.138,-52.08,0.3125
-52.1792,0.296625,-52.1792,-0.138,-52.1792,0.3125
-52.278400000000005,0.281,-52.278400000000005,-0.10675,-52.278400000000005,0.3125
-52.3776,0.265375,-52.3776,-0.0755,-52.3776,0.3125
-52.476800000000004,0.296625,-52.476800000000004,-0.10675,-52.476800000000004,0.3125
-52.576,0.281,-52.576,-0.04425,-52.576,0.46875
-52.675200000000004,0.281,-52.675200000000004,-0.0755,-52.675200000000004,0.3125
-52.7744,0.281,-52.7744,-0.04425,-52.7744,0.3125
-52.8736,0.31225,-52.8736,-0.04425,-52.8736,0.3125
-52.9728,0.281,-52.9728,-0.04425,-52.9728,0.3125
-53.072,0.296625,-53.072,-0.013,-53.072,0.46875
-53.1712,0.296625,-53.1712,-0.013,-53.1712,0.3125
-53.2704,0.281,-53.2704,-0.013,-53.2704,0.46875
-53.3696,0.281,-53.3696,0.01825,-53.3696,0.3125
-53.4688,0.265375,-53.4688,0.01825,-53.4688,0.3125
-53.568000000000005,0.281,-53.568000000000005,0.0495,-53.568000000000005,0.3125
-53.6672,0.265375,-53.6672,0.0495,-53.6672,0.3125
-53.766400000000004,0.281,-53.766400000000004,0.08075,-53.766400000000004,0.3125
-53.8656,0.281,-53.8656,0.08075,-53.8656,0.3125
-53.964800000000004,0.265375,-53.964800000000004,0.08075,-53.964800000000004,0.3125
-54.064,0.24975,-54.064,0.0495,-54.064,0.46875
-54.1632,0.234125,-54.1632,0.08075,-54.1632,0.15625
-54.2624,0.24975,-54.2624,0.08075,-54.2624,0.3125
-54.3616,0.2185,-54.3616,0.112,-54.3616,0.46875
-54.4608,0.234125,-54.4608,0.112,-54.4608,0.3125
-54.56,0.2185,-54.56,0.112,-54.56,0.3125
-54.6592,0.2185,-54.6592,0.112,-54.6592,0.3125
-54.7584,0.18725,-54.7584,0.112,-54.7584,0.3125
-54.8576,0.171625,-54.8576,0.112,-54.8576,0.3125
-54.9568,0.156,-54.9568,0.112,-54.9568,0.3125
-55.056000000000004,0.171625,-55.056000000000004,0.14325,-55.056000000000004,0.46875
-55.1552,0.156,-55.1552,0.112,-55.1552,0.46875
-55.254400000000004,0.140375,-55.254400000000004,0.112,-55.254400000000004,0.46875
-55.3536,0.109125,-55.3536,0.08075,-55.3536,0.15625
-55.4528,0.140375,-55.4528,0.08075,-55.4528,0.46875
-55.552,0.0935,-55.552,0.112,-55.552,0.3125
-55.6512,0.077875,-55.6512,0.112,-55.6512,0.3125
-55.7504,0.077875,-55.7504,0.08075,-55.7504,0.46875
-55.8496,0.06225,-55.8496,0.0495,-55.8496,0.3125
-55.9488,0.046625,-55.9488,0.08075,-55.9488,0.46875
-56.048,0.015375,-56.048,0.0495,-56.048,0.3125
-56.1472,0.031,-56.1472,0.0495,-56.1472,0.3125
-56.2464,0.015375,-56.2464,0.0495,-56.2464,0.46875
-56.345600000000005,-0.000249982,-56.345600000000005,0.01825,-56.345600000000005,0.3125
-56.4448,-0.015875,-56.4448,0.01825,-56.4448,0.3125
-56.544000000000004,-0.0315,-56.544000000000004,0.01825,-56.544000000000004,0.3125
-56.6432,-0.0315,-56.6432,-0.013,-56.6432,0.3125
-56.7424,-0.06275,-56.7424,-0.013,-56.7424,0.46875
-56.8416,-0.06275,-56.8416,-0.013,-56.8416,0.46875
-56.9408,-0.078375,-56.9408,-0.013,-56.9408,0.46875
-57.04,-0.094,-57.04,-0.04425,-57.04,0.3125
-57.1392,-0.094,-57.1392,-0.0755,-57.1392,0.3125
-57.2384,-0.109625,-57.2384,-0.04425,-57.2384,0.3125
-57.3376,-0.094,-57.3376,-0.10675,-57.3376,0.3125
-57.4368,-0.12525,-57.4368,-0.10675,-57.4368,0.3125
-57.536,-0.1565,-57.536,-0.10675,-57.536,0.46875
-57.635200000000005,-0.140875,-57.635200000000005,-0.0755,-57.635200000000005,0.3125
-57.7344,-0.172125,-57.7344,-0.10675,-57.7344,0.3125
-57.833600000000004,-0.1565,-57.833600000000004,-0.138,-57.833600000000004,0.3125
-57.9328,-0.18775,-57.9328,-0.138,-57.9328,0.3125
-58.032000000000004,-0.172125,-58.032000000000004,-0.16925,-58.032000000000004,0.46875
-58.1312,-0.203375,-58.1312,-0.16925,-58.1312,0.3125
-58.2304,-0.203375,-58.2304,-0.2005,-58.2304,0.3125
-58.3296,-0.219,-58.3296,-0.2005,-58.3296,0.3125
-58.4288,-0.219,-58.4288,-0.23175,-58.4288,0.3125
-58.528,-0.234625,-58.528,-0.263,-58.528,0.3125
-58.6272,-0.219,-58.6272,-0.263,-58.6272,0.46875
-58.7264,-0.25025,-58.7264,-0.263,-58.7264,0.46875
-58.8256,-0.234625,-58.8256,-0.3255,-58.8256,0.3125
-58.924800000000005,-0.25025,-58.924800000000005,-0.263,-58.924800000000005,0.46875
-59.024,-0.25025,-59.024,-0.138,-59.024,0.46875
-59.123200000000004,-0.265875,-59.123200000000004,-0.138,-59.123200000000004,0.3125
-59.2224,-0.25025,-59.2224,-0.10675,-59.2224,0.3125
-59.321600000000004,-0.25025,-59.321600000000004,-0.04425,-59.321600000000004,0.3125
-59.4208,-0.25025,-59.4208,-0.10675,-59.4208,0.3125
-59.52,-0.25025,-59.52,-0.10675,-59.52,0.3125
-59.6192,-0.2815,-59.6192,-0.04425,-59.6192,0.3125
-59.7184,-0.2815,-59.7184,-0.04425,-59.7184,0.3125
-59.8176,-0.265875,-59.8176,-0.04425,-59.8176,0.46875
-59.9168,-0.25025,-59.9168,-0.013,-59.9168,0.46875
-60.016,-0.25025,-60.016,0.01825,-60.016,0.3125
-60.1152,-0.265875,-60.1152,0.01825,-60.1152,0.46875
-60.2144,-0.265875,-60.2144,-0.013,-60.2144,0.3125
-60.3136,-0.25025,-60.3136,0.01825,-60.3136,0.3125
-60.412800000000004,-0.25025,-60.412800000000004,0.01825,-60.412800000000004,0.3125
-60.512,-0.25025,-60.512,0.01825,-60.512,0.3125
-60.611200000000004,-0.265875,-60.611200000000004,0.0495,-60.611200000000004,0.46875
-60.7104,-0.25025,-60.7104,0.08075,-60.7104,0.46875
-60.8096,-0.25025,-60.8096,0.112,-60.8096,0.46875
-60.9088,-0.25025,-60.9088,0.08075,-60.9088,0.3125
-61.008,-0.234625,-61.008,0.0495,-61.008,0.46875
-61.1072,-0.219,-61.1072,0.08075,-61.1072,0.3125
-61.2064,-0.219,-61.2064,0.112,-61.2064,0.46875
-61.3056,-0.203375,-61.3056,0.112,-61.3056,0.3125
-61.4048,-0.18775,-61.4048,0.112,-61.4048,0.46875
-61.504,-0.203375,-61.504,0.112,-61.504,0.3125
-61.6032,-0.18775,-61.6032,0.14325,-61.6032,0.46875
-61.702400000000004,-0.1565,-61.702400000000004,0.14325,-61.702400000000004,0.46875
-61.8016,-0.172125,-61.8016,0.14325,-61.8016,0.15625
-61.900800000000004,-0.1565,-61.900800000000004,0.14325,-61.900800000000004,0.15625
-62.0,-0.1565,-62.0,0.14325,-62.0,0.3125
-62.0992,-0.12525,-62.0992,0.14325,-62.0992,0.46875
-62.1984,-0.12525,-62.1984,0.14325,-62.1984,0.46875
-62.2976,-0.109625,-62.2976,0.14325,-62.2976,0.3125
-62.3968,-0.109625,-62.3968,0.112,-62.3968,0.3125
-62.496,-0.078375,-62.496,0.14325,-62.496,0.3125
-62.5952,-0.078375,-62.5952,0.112,-62.5952,0.3125
-62.6944,-0.047125,-62.6944,0.112,-62.6944,0.3125
-62.7936,-0.06275,-62.7936,0.112,-62.7936,0.46875
-62.8928,-0.0315,-62.8928,0.112,-62.8928,0.46875
-62.992000000000004,-0.0315,-62.992000000000004,0.112,-62.992000000000004,0.46875
-63.0912,-0.015875,-63.0912,0.08075,-63.0912,0.3125
-63.190400000000004,0.015375,-63.190400000000004,0.08075,-63.190400000000004,0.3125
-63.2896,-0.000249982,-63.2896,0.08075,-63.2896,0.3125
-63.3888,0.031,-63.3888,0.0495,-63.3888,0.46875
-63.488,0.031,-63.488,0.08075,-63.488,0.46875
-63.5872,0.046625,-63.5872,0.0495,-63.5872,0.46875
-63.6864,0.077875,-63.6864,0.01825,-63.6864,0.3125
-63.7856,0.0935,-63.7856,0.01825,-63.7856,0.46875
-63.8848,0.0935,-63.8848,0.01825,-63.8848,0.46875
-63.984,0.0935,-63.984,-0.04425,-63.984,0.3125
-64.08319999999999,0.109125,-64.08319999999999,-0.04425,-64.08319999999999,0.3125
-64.18239999999999,0.0935,-64.18239999999999,-0.04425,-64.18239999999999,0.3125
-64.2816,0.140375,-64.2816,-0.013,-64.2816,0.3125
-64.3808,0.156,-64.3808,-0.04425,-64.3808,0.46875
-64.47999999999999,0.171625,-64.47999999999999,-0.10675,-64.47999999999999,0.3125
-64.5792,0.156,-64.5792,-0.138,-64.5792,0.3125
-64.6784,0.171625,-64.6784,-0.10675,-64.6784,0.3125
-64.77759999999999,0.171625,-64.77759999999999,-0.138,-64.77759999999999,0.3125
-64.87679999999999,0.202875,-64.87679999999999,-0.138,-64.87679999999999,0.3125
-64.976,0.2185,-64.976,-0.138,-64.976,0.3125
-65.0752,0.202875,-65.0752,-0.138,-65.0752,0.3125
-65.17439999999999,0.2185,-65.17439999999999,-0.16925,-65.17439999999999,0.3125
-65.27359999999999,0.234125,-65.27359999999999,-0.2005,-65.27359999999999,0.46875
-65.3728,0.2185,-65.3728,-0.2005,-65.3728,0.3125
-65.472,0.24975,-65.472,-0.23175,-65.472,0.3125
-65.57119999999999,0.265375,-65.57119999999999,-0.23175,-65.57119999999999,0.15625
-65.6704,0.234125,-65.6704,-0.29425,-65.6704,0.46875
-65.7696,0.265375,-65.7696,-0.263,-65.7696,0.3125
-65.8688,0.281,-65.8688,-0.263,-65.8688,0.3125
-65.96799999999999,0.281,-65.96799999999999,-0.138,-65.96799999999999,0.3125
-66.0672,0.281,-66.0672,-0.16925,-66.0672,0.3125
-66.1664,0.281,-66.1664,-0.0755,-66.1664,0.3125
-66.26559999999999,0.296625,-66.26559999999999,-0.10675,-66.26559999999999,0.46875
-66.36479999999999,0.296625,-66.36479999999999,-0.0755,-66.36479999999999,0.3125
-66.464,0.296625,-66.464,-0.0755,-66.464,0.3125
-66.5632,0.281,-66.5632,-0.04425,-66.5632,0.3125
-66.66239999999999,0.296625,-66.66239999999999,-0.04425,-66.66239999999999,0.3125
-66.76159999999999,0.281,-66.76159999999999,-0.013,-66.76159999999999,0.3125
-66.8608,0.296625,-66.8608,0.01825,-66.8608,0.46875
-66.96,0.281,-66.96,0.01825,-66.96,0.3125
-67.05919999999999,0.31225,-67.05919999999999,0.01825,-67.05919999999999,0.3125
-67.1584,0.31225,-67.1584,0.01825,-67.1584,0.3125
-67.2576,0.31225,-67.2576,0.0495,-67.2576,0.46875
-67.35679999999999,0.281,-67.35679999999999,0.08075,-67.35679999999999,0.46875
-67.45599999999999,0.296625,-67.45599999999999,0.0495,-67.45599999999999,0.3125
-67.5552,0.281,-67.5552,0.08075,-67.5552,0.3125
-67.6544,0.265375,-67.6544,0.0495,-67.6544,0.3125
-67.75359999999999,0.265375,-67.75359999999999,0.08075,-67.75359999999999,0.3125
-67.85279999999999,0.265375,-67.85279999999999,0.112,-67.85279999999999,0.46875
-67.952,0.24975,-67.952,0.08075,-67.952,0.3125
-68.0512,0.24975,-68.0512,0.112,-68.0512,0.3125
-68.15039999999999,0.234125,-68.15039999999999,0.112,-68.15039999999999,0.3125
-68.24959999999999,0.24975,-68.24959999999999,0.14325,-68.24959999999999,0.3125
-68.3488,0.24975,-68.3488,0.112,-68.3488,0.46875
-68.448,0.2185,-68.448,0.112,-68.448,0.46875
-68.54719999999999,0.202875,-68.54719999999999,0.14325,-68.54719999999999,0.46875
-68.6464,0.202875,-68.6464,0.112,-68.6464,0.3125
-68.7456,0.18725,-68.7456,0.112,-68.7456,0.46875
-68.84479999999999,0.18725,-68.84479999999999,0.112,-68.84479999999999,0.3125
-68.94399999999999,0.171625,-68.94399999999999,0.08075,-68.94399999999999,0.3125
-69.0432,0.171625,-69.0432,0.112,-69.0432,0.3125
-69.1424,0.156,-69.1424,0.112,-69.1424,0.3125
-69.24159999999999,0.140375,-69.24159999999999,0.14325,-69.24159999999999,0.3125
-69.34079999999999,0.140375,-69.34079999999999,0.112,-69.34079999999999,0.46875
-69.44,0.12475,-69.44,0.112,-69.44,0.3125
-69.5392,0.12475,-69.5392,0.112,-69.5392,0.46875
-69.63839999999999,0.109125,-69.63839999999999,0.08075,-69.63839999999999,0.3125
-69.7376,0.109125,-69.7376,0.08075,-69.7376,0.46875
-69.8368,0.077875,-69.8368,0.08075,-69.8368,0.3125
-69.93599999999999,0.046625,-69.93599999999999,0.08075,-69.93599999999999,0.3125
-70.03519999999999,0.031,-70.03519999999999,0.08075,-70.03519999999999,0.3125
-70.1344,0.031,-70.1344,0.0495,-70.1344,0.46875
-70.2336,0.015375,-70.2336,0.0495,-70.2336,0.3125
-70.33279999999999,0.015375,-70.33279999999999,0.01825,-70.33279999999999,0.46875
-70.43199999999999,-0.015875,-70.43199999999999,0.0495,-70.43199999999999,0.3125
-70.5312,-0.015875,-70.5312,0.01825,-70.5312,0.3125
-70.6304,-0.0315,-70.6304,0.01825,-70.6304,0.3125
-70.72959999999999,-0.0315,-70.72959999999999,0.0495,-70.72959999999999,0.3125
-70.82879999999999,-0.06275,-70.82879999999999,0.01825,-70.82879999999999,0.46875
-70.928,-0.078375,-70.928,-0.013,-70.928,0.3125
-71.0272,-0.094,-71.0272,-0.04425,-71.0272,0.3125
-71.12639999999999,-0.094,-71.12639999999999,-0.013,-71.12639999999999,0.46875
-71.2256,-0.094,-71.2256,-0.04425,-71.2256,0.46875
-71.3248,-0.12525,-71.3248,-0.0755,-71.3248,0.3125
-71.42399999999999,-0.12525,-71.42399999999999,-0.04425,-71.42399999999999,0.46875
-71.52319999999999,-0.1565,-71.52319999999999,-0.04425,-71.52319999999999,0.46875
-71.6224,-0.172125,-71.6224,-0.138,-71.6224,0.3125
-71.7216,-0.172125,-71.7216,-0.10675,-71.7216,0.3125
-71.82079999999999,-0.172125,-71.82079999999999,-0.138,-71.82079999999999,0.46875
-71.91999999999999,-0.172125,-71.91999999999999,-0.138,-71.91999999999999,0.46875
-72.0192,-0.203375,-72.0192,-0.138,-72.0192,0.3125
-72.1184,-0.18775,-72.1184,-0.2005,-72.1184,0.3125
-72.21759999999999,-0.203375,-72.21759999999999,-0.2005,-72.21759999999999,0.15625
-72.3168,-0.219,-72.3168,-0.16925,-72.3168,0.3125
-72.416,-0.219,-72.416,-0.23175,-72.416,0.3125
-72.5152,-0.234625,-72.5152,-0.23175,-72.5152,0.46875
-72.61439999999999,-0.234625,-72.61439999999999,-0.23175,-72.61439999999999,0.3125
-72.7136,-0.234625,-72.7136,-0.23175,-72.7136,0.46875
-72.8128,-0.25025,-72.8128,-0.263,-72.8128,0.46875
-72.91199999999999,-0.234625,-72.91199999999999,-0.263,-72.91199999999999,0.46875
-73.01119999999999,-0.265875,-73.01119999999999,-0.138,-73.01119999999999,0.3125
-73.1104,-0.25025,-73.1104,-0.16925,-73.1104,0.46875
-73.2096,-0.2815,-73.2096,-0.138,-73.2096,0.46875
-73.30879999999999,-0.2815,-73.30879999999999,-0.138,-73.30879999999999,0.3125
-73.40799999999999,-0.265875,-73.40799999999999,-0.138,-73.40799999999999,0.3125
-73.5072,-0.265875,-73.5072,-0.10675,-73.5072,0.46875
-73.6064,-0.265875,-73.6064,-0.10675,-73.6064,0.46875
-73.70559999999999,-0.265875,-73.70559999999999,-0.10675,-73.70559999999999,0.46875
-73.8048,-0.2815,-73.8048,-0.04425,-73.8048,0.46875
-73.904,-0.2815,-73.904,-0.04425,-73.904,0.3125
-74.00319999999999,-0.2815,-74.00319999999999,-0.04425,-74.00319999999999,0.3125
-74.10239999999999,-0.25025,-74.10239999999999,0.01825,-74.10239999999999,0.46875
-74.2016,-0.265875,-74.2016,0.01825,-74.2016,0.15625
-74.3008,-0.265875,-74.3008,-0.013,-74.3008,0.3125
-74.39999999999999,-0.265875,-74.39999999999999,0.01825,-74.39999999999999,0.46875
-74.49919999999999,-0.265875,-74.49919999999999,0.0495,-74.49919999999999,0.3125
-74.5984,-0.265875,-74.5984,0.0495,-74.5984,0.3125
-74.6976,-0.234625,-74.6976,0.0495,-74.6976,0.3125
-74.79679999999999,-0.219,-74.79679999999999,0.08075,-74.79679999999999,0.3125
-74.89599999999999,-0.25025,-74.89599999999999,0.112,-74.89599999999999,0.46875
-74.9952,-0.25025,-74.9952,0.112,-74.9952,0.46875
-75.0944,-0.219,-75.0944,0.08075,-75.0944,0.3125
-75.19359999999999,-0.234625,-75.19359999999999,0.112,-75.19359999999999,0.3125
-75.2928,-0.203375,-75.2928,0.112,-75.2928,0.46875
-75.392,-0.219,-75.392,0.112,-75.392,0.3125
-75.49119999999999,-0.219,-75.49119999999999,0.112,-75.49119999999999,0.3125
-75.59039999999999,-0.18775,-75.59039999999999,0.112,-75.59039999999999,0.3125
-75.6896,-0.203375,-75.6896,0.112,-75.6896,0.3125
-75.7888,-0.1565,-75.7888,0.14325,-75.7888,0.46875
-75.88799999999999,-0.140875,-75.88799999999999,0.14325,-75.88799999999999,0.3125
-75.98719999999999,-0.140875,-75.98719999999999,0.112,-75.98719999999999,0.3125
-76.0864,-0.1565,-76.0864,0.14325,-76.0864,0.3125
-76.1856,-0.12525,-76.1856,0.14325,-76.1856,0.46875
-76.28479999999999,-0.109625,-76.28479999999999,0.14325,-76.28479999999999,0.3125
-76.384,-0.078375,-76.384,0.14325,-76.384,0.3125
-76.4832,-0.094,-76.4832,0.112,-76.4832,0.3125
-76.58239999999999,-0.06275,-76.58239999999999,0.14325,-76.58239999999999,0.46875
-76.68159999999999,-0.06275,-76.68159999999999,0.112,-76.68159999999999,0.3125
-76.7808,-0.06275,-76.7808,0.14325,-76.7808,0.3125
-76.88,-0.06275,-76.88,0.112,-76.88,0.3125
-76.97919999999999,-0.047125,-76.97919999999999,0.08075,-76.97919999999999,0.3125
-77.07839999999999,-0.0315,-77.07839999999999,0.08075,-77.07839999999999,0.46875
-77.1776,-0.015875,-77.1776,0.08075,-77.1776,0.3125
-77.2768,0.015375,-77.2768,0.0495,-77.2768,0.46875
-77.37599999999999,-0.000249982,-77.37599999999999,0.08075,-77.37599999999999,0.3125
-77.47519999999999,0.031,-77.47519999999999,0.0495,-77.47519999999999,0.3125
-77.5744,0.06225,-77.5744,0.01825,-77.5744,0.3125
-77.6736,0.031,-77.6736,0.0495,-77.6736,0.3125
-77.77279999999999,0.077875,-77.77279999999999,0.01825,-77.77279999999999,0.3125
-77.872,0.077875,-77.872,-0.013,-77.872,0.3125
-77.9712,0.0935,-77.9712,-0.04425,-77.9712,0.3125
-78.07039999999999,0.140375,-78.07039999999999,-0.013,-78.07039999999999,0.46875
-78.16959999999999,0.109125,-78.16959999999999,-0.04425,-78.16959999999999,0.3125
-78.2688,0.12475,-78.2688,-0.04425,-78.2688,0.3125
-78.368,0.156,-78.368,-0.0755,-78.368,0.46875
-78.46719999999999,0.156,-78.46719999999999,-0.10675,-78.46719999999999,0.3125
-78.56639999999999,0.171625,-78.56639999999999,-0.138,-78.56639999999999,0.3125
-78.6656,0.18725,-78.6656,-0.138,-78.6656,0.46875
-78.7648,0.171625,-78.7648,-0.10675,-78.7648,0.46875
-78.86399999999999,0.18725,-78.86399999999999,-0.138,-78.86399999999999,0.3125
-78.9632,0.171625,-78.9632,-0.16925,-78.9632,0.3125
-79.0624,0.202875,-79.0624,-0.2005,-79.0624,0.3125
-79.16159999999999,0.2185,-79.16159999999999,-0.2005,-79.16159999999999,0.3125
-79.26079999999999,0.2185,-79.26079999999999,-0.2005,-79.26079999999999,0.3125
-79.36,0.2185,-79.36,-0.2005,-79.36,0.3125
-79.4592,0.24975,-79.4592,-0.23175,-79.4592,0.46875
-79.55839999999999,0.24975,-79.55839999999999,-0.23175,-79.55839999999999,0.3125
-79.65759999999999,0.265375,-79.65759999999999,-0.263,-79.65759999999999,0.3125
-79.7568,0.265375,-79.7568,-0.29425,-79.7568,0.3125
-79.856,0.265375,-79.856,-0.3255,-79.856,0.3125
-79.95519999999999,0.265375,-79.95519999999999,-0.138,-79.95519999999999,0.3125
-80.05439999999999,0.281,-80.05439999999999,-0.138,-80.05439999999999,0.3125
-80.1536,0.265375,-80.1536,-0.10675,-80.1536,0.3125
-80.2528,0.296625,-80.2528,-0.10675,-80.2528,0.46875
-80.35199999999999,0.296625,-80.35199999999999,-0.10675,-80.35199999999999,0.46875
-80.4512,0.281,-80.4512,-0.04425,-80.4512,0.3125
-80.5504,0.296625,-80.5504,-0.04425,-80.5504,0.3125
-80.64959999999999,0.296625,-80.64959999999999,-0.04425,-80.64959999999999,0.3125
-80.74879999999999,0.296625,-80.74879999999999,-0.04425,-80.74879999999999,0.15625
-80.848,0.296625,-80.848,-0.04425,-80.848,0.3125
-80.9472,0.281,-80.9472,-0.013,-80.9472,0.3125
-81.04639999999999,0.296625,-81.04639999999999,0.01825,-81.04639999999999,0.3125
-81.14559999999999,0.281,-81.14559999999999,0.01825,-81.14559999999999,0.3125
-81.2448,0.296625,-81.2448,0.01825,-81.2448,0.3125
-81.344,0.281,-81.344,0.0495,-81.344,0.3125
-81.44319999999999,0.281,-81.44319999999999,0.0495,-81.44319999999999,0.3125
-81.54239999999999,0.265375,-81.54239999999999,0.0495,-81.54239999999999,0.3125
-81.6416,0.281,-81.6416,0.0495,-81.6416,0.46875
-81.7408,0.265375,-81.7408,0.08075,-81.7408,0.3125
-81.83999999999999,0.265375,-81.83999999999999,0.08075,-81.83999999999999,0.3125
-81.9392,0.281,-81.9392,0.08075,-81.9392,0.15625
-82.0384,0.24975,-82.0384,0.08075,-82.0384,0.46875
-82.13759999999999,0.265375,-82.13759999999999,0.112,-82.13759999999999,0.3125
-82.23679999999999,0.24975,-82.23679999999999,0.08075,-82.23679999999999,0.3125
-82.336,0.2185,-82.336,0.08075,-82.336,0.3125
-82.4352,0.2185,-82.4352,0.08075,-82.4352,0.3125
-82.53439999999999,0.2185,-82.53439999999999,0.112,-82.53439999999999,0.3125
-82.63359999999999,0.2185,-82.63359999999999,0.112,-82.63359999999999,0.46875
-82.7328,0.202875,-82.7328,0.112,-82.7328,0.3125
-82.832,0.18725,-82.832,0.112,-82.832,0.3125
-82.93119999999999,0.18725,-82.93119999999999,0.08075,-82.93119999999999,0.46875
-83.0304,0.171625,-83.0304,0.08075,-83.0304,0.3125
-83.1296,0.140375,-83.1296,0.112,-83.1296,0.3125
-83.22879999999999,0.156,-83.22879999999999,0.112,-83.22879999999999,0.46875
-83.32799999999999,0.109125,-83.32799999999999,0.112,-83.32799999999999,0.3125
-83.4272,0.12475,-83.4272,0.112,-83.4272,0.3125
-83.5264,0.109125,-83.5264,0.08075,-83.5264,0.46875
-83.62559999999999,0.109125,-83.62559999999999,0.112,-83.62559999999999,0.3125
-83.72479999999999,0.077875,-83.72479999999999,0.08075,-83.72479999999999,0.3125
-83.824,0.077875,-83.824,0.0495,-83.824,0.3125
-83.9232,0.06225,-83.9232,0.08075,-83.9232,0.46875
-84.02239999999999,0.046625,-84.02239999999999,0.0495,-84.02239999999999,0.3125
-84.12159999999999,0.031,-84.12159999999999,0.0495,-84.12159999999999,0.3125
-84.2208,0.031,-84.2208,0.01825,-84.2208,0.46875
-84.32,0.015375,-84.32,0.0495,-84.32,0.46875
-84.41919999999999,-0.015875,-84.41919999999999,0.0495,-84.41919999999999,0.3125
-84.5184,-0.000249982,-84.5184,0.0495,-84.5184,0.46875
-84.6176,-0.047125,-84.6176,0.01825,-84.6176,0.3125
-84.71679999999999,-0.078375,-84.71679999999999,0.01825,-84.71679999999999,0.3125
-84.81599999999999,-0.06275,-84.81599999999999,-0.013,-84.81599999999999,0.46875
-84.9152,-0.078375,-84.9152,-0.04425,-84.9152,0.3125
-85.0144,-0.094,-85.0144,-0.04425,-85.0144,0.3125
-85.11359999999999,-0.078375,-85.11359999999999,-0.04425,-85.11359999999999,0.46875
-85.21279999999999,-0.109625,-85.21279999999999,-0.04425,-85.21279999999999,0.3125
-85.312,-0.109625,-85.312,-0.0755,-85.312,0.3125
-85.4112,-0.12525,-85.4112,-0.10675,-85.4112,0.3125
-85.51039999999999,-0.140875,-85.51039999999999,-0.04425,-85.51039999999999,0.46875
-85.60959999999999,-0.1565,-85.60959999999999,-0.0755,-85.60959999999999,0.3125
-85.7088,-0.1565,-85.7088,-0.10675,-85.7088,0.3125
-85.80799999999999,-0.172125,-85.80799999999999,-0.138,-85.80799999999999,0.46875
-85.90719999999999,-0.1565,-85.90719999999999,-0.138,-85.90719999999999,0.3125
-86.0064,-0.18775,-86.0064,-0.16925,-86.0064,0.46875
-86.1056,-0.203375,-86.1056,-0.138,-86.1056,0.3125
-86.20479999999999,-0.203375,-86.20479999999999,-0.16925,-86.20479999999999,0.15625
-86.30399999999999,-0.203375,-86.30399999999999,-0.2005,-86.30399999999999,0.46875
-86.4032,-0.219,-86.4032,-0.2005,-86.4032,0.3125
-86.5024,-0.219,-86.5024,-0.16925,-86.5024,0.3125
-86.60159999999999,-0.234625,-86.60159999999999,-0.2005,-86.60159999999999,0.3125
-86.70079999999999,-0.234625,-86.70079999999999,-0.23175,-86.70079999999999,0.46875
-86.8,-0.25025,-86.8,-0.23175,-86.8,0.3125
-86.8992,-0.265875,-86.8992,-0.263,-86.8992,0.46875
-86.99839999999999,-0.265875,-86.99839999999999,-0.138,-86.99839999999999,0.3125
-87.0976,-0.25025,-87.0976,-0.16925,-87.0976,0.3125
-87.1968,-0.25025,-87.1968,-0.138,-87.1968,0.3125
-87.29599999999999,-0.2815,-87.29599999999999,-0.138,-87.29599999999999,0.3125
-87.39519999999999,-0.25025,-87.39519999999999,-0.10675,-87.39519999999999,0.46875
-87.4944,-0.2815,-87.4944,-0.10675,-87.4944,0.3125
-87.5936,-0.265875,-87.5936,-0.0755,-87.5936,0.3125
-87.69279999999999,-0.2815,-87.69279999999999,-0.04425,-87.69279999999999,0.3125
-87.79199999999999,-0.265875,-87.79199999999999,-0.013,-87.79199999999999,0.15625
-87.8912,-0.2815,-87.8912,-0.04425,-87.8912,0.3125
-87.9904,-0.265875,-87.9904,-0.04425,-87.9904,0.3125
-88.08959999999999,-0.2815,-88.08959999999999,-0.013,-88.08959999999999,0.3125
-88.18879999999999,-0.265875,-88.18879999999999,0.01825,-88.18879999999999,0.3125
-88.288,-0.25025,-88.288,0.0495,-88.288,0.46875
-88.38719999999999,-0.265875,-88.38719999999999,0.0495,-88.38719999999999,0.3125
-88.48639999999999,-0.25025,-88.48639999999999,0.0495,-88.48639999999999,0.46875
-88.5856,-0.265875,-88.5856,0.08075,-88.5856,0.46875
-88.6848,-0.25025,-88.6848,0.112,-88.6848,0.3125
-88.78399999999999,-0.25025,-88.78399999999999,0.112,-88.78399999999999,0.46875
-88.88319999999999,-0.265875,-88.88319999999999,0.112,-88.88319999999999,0.3125
-88.9824,-0.25025,-88.9824,0.112,-88.9824,0.3125
-89.0816,-0.219,-89.0816,0.112,-89.0816,0.3125
-89.18079999999999,-0.219,-89.18079999999999,0.14325,-89.18079999999999,0.46875
-89.27999999999999,-0.219,-89.27999999999999,0.112,-89.27999999999999,0.3125
-89.3792,-0.203375,-89.3792,0.14325,-89.3792,0.15625
-89.4784,-0.18775,-89.4784,0.112,-89.4784,0.3125
-89.57759999999999,-0.203375,-89.57759999999999,0.14325,-89.57759999999999,0.3125
-89.6768,-0.18775,-89.6768,0.14325,-89.6768,0.3125
-89.776,-0.172125,-89.776,0.14325,-89.776,0.3125
-89.87519999999999,-0.172125,-89.87519999999999,0.14325,-89.87519999999999,0.3125
-89.97439999999999,-0.140875,-89.97439999999999,0.14325,-89.97439999999999,0.46875
-90.0736,-0.12525,-90.0736,0.1745,-90.0736,0.46875
-90.1728,-0.12525,-90.1728,0.14325,-90.1728,0.46875
-90.27199999999999,-0.12525,-90.27199999999999,0.14325,-90.27199999999999,0.3125
-90.37119999999999,-0.109625,-90.37119999999999,0.14325,-90.37119999999999,0.15625
-90.4704,-0.109625,-90.4704,0.1745,-90.4704,0.46875
-90.5696,-0.094,-90.5696,0.14325,-90.5696,0.3125
-90.66879999999999,-0.078375,-90.66879999999999,0.112,-90.66879999999999,0.3125
-90.76799999999999,-0.06275,-90.76799999999999,0.14325,-90.76799999999999,0.3125
-90.8672,-0.0315,-90.8672,0.14325,-90.8672,0.625
-90.9664,-0.0315,-90.9664,0.112,-90.9664,0.3125
-91.06559999999999,-0.015875,-91.06559999999999,0.08075,-91.06559999999999,0.15625
-91.1648,-0.000249982,-91.1648,0.08075,-91.1648,0.3125
-91.264,-0.015875,-91.264,0.08075,-91.264,0.3125
-91.36319999999999,0.015375,-91.36319999999999,0.08075,-91.36319999999999,0.46875
-91.46239999999999,0.046625,-91.46239999999999,0.0495,-91.46239999999999,0.46875
-91.5616,0.06225,-91.5616,0.0495,-91.5616,0.46875
-91.6608,0.06225,-91.6608,0.01825,-91.6608,0.3125
-91.75999999999999,0.06225,-91.75999999999999,0.01825,-91.75999999999999,0.3125
-91.85919999999999,0.077875,-91.85919999999999,0.01825,-91.85919999999999,0.3125
-91.9584,0.077875,-91.9584,-0.04425,-91.9584,0.46875
-92.0576,0.0935,-92.0576,-0.013,-92.0576,0.3125
-92.15679999999999,0.109125,-92.15679999999999,-0.04425,-92.15679999999999,0.3125
-92.25599999999999,0.12475,-92.25599999999999,-0.04425,-92.25599999999999,0.3125
-92.3552,0.140375,-92.3552,-0.0755,-92.3552,0.3125
-92.45439999999999,0.171625,-92.45439999999999,-0.10675,-92.45439999999999,0.46875
-92.55359999999999,0.171625,-92.55359999999999,-0.10675,-92.55359999999999,0.46875
-92.6528,0.171625,-92.6528,-0.10675,-92.6528,0.3125
-92.752,0.171625,-92.752,-0.10675,-92.752,0.3125
-92.85119999999999,0.18725,-92.85119999999999,-0.10675,-92.85119999999999,0.3125
-92.95039999999999,0.18725,-92.95039999999999,-0.16925,-92.95039999999999,0.3125
-93.0496,0.2185,-93.0496,-0.2005,-93.0496,0.46875
-93.1488,0.2185,-93.1488,-0.16925,-93.1488,0.3125
-93.24799999999999,0.234125,-93.24799999999999,-0.2005,-93.24799999999999,0.3125
-93.34719999999999,0.234125,-93.34719999999999,-0.23175,-93.34719999999999,0.46875
-93.4464,0.24975,-93.4464,-0.2005,-93.4464,0.3125
-93.5456,0.234125,-93.5456,-0.23175,-93.5456,0.3125
-93.64479999999999,0.265375,-93.64479999999999,-0.23175,-93.64479999999999,0.46875
-93.744,0.24975,-93.744,-0.23175,-93.744,0.3125
-93.8432,0.265375,-93.8432,-0.263,-93.8432,0.46875
-93.94239999999999,0.265375,-93.94239999999999,-0.29425,-93.94239999999999,0.3125
-94.04159999999999,0.296625,-94.04159999999999,-0.16925,-94.04159999999999,0.3125
-94.1408,0.281,-94.1408,-0.16925,-94.1408,0.3125
-94.24,0.31225,-94.24,-0.16925,-94.24,0.3125
-94.33919999999999,0.31225,-94.33919999999999,-0.138,-94.33919999999999,0.15625
-94.43839999999999,0.31225,-94.43839999999999,-0.138,-94.43839999999999,0.3125
-94.5376,0.281,-94.5376,-0.10675,-94.5376,0.3125
-94.6368,0.31225,-94.6368,-0.10675,-94.6368,0.46875
-94.73599999999999,0.281,-94.73599999999999,-0.04425,-94.73599999999999,0.3125
-94.83519999999999,0.31225,-94.83519999999999,-0.04425,-94.83519999999999,0.3125
-94.9344,0.296625,-94.9344,-0.04425,-94.9344,0.46875
-95.03359999999999,0.31225,-95.03359999999999,-0.04425,-95.03359999999999,0.3125
-95.13279999999999,0.265375,-95.13279999999999,-0.04425,-95.13279999999999,0.3125
-95.232,0.281,-95.232,-0.04425,-95.232,0.46875
-95.3312,0.265375,-95.3312,-0.013,-95.3312,0.3125
-95.43039999999999,0.281,-95.43039999999999,-0.013,-95.43039999999999,0.3125
-95.52959999999999,0.296625,-95.52959999999999,0.01825,-95.52959999999999,0.3125
-95.6288,0.281,-95.6288,0.0495,-95.6288,0.3125
-95.728,0.265375,-95.728,0.0495,-95.728,0.3125
-95.82719999999999,0.265375,-95.82719999999999,0.0495,-95.82719999999999,0.3125
-95.92639999999999,0.265375,-95.92639999999999,0.0495,-95.92639999999999,0.3125
-96.0256,0.265375,-96.0256,0.08075,-96.0256,0.46875
-96.1248,0.24975,-96.1248,0.08075,-96.1248,0.46875
-96.22399999999999,0.234125,-96.22399999999999,0.0495,-96.22399999999999,0.46875
-96.32319999999999,0.2185,-96.32319999999999,0.112,-96.32319999999999,0.3125
-96.4224,0.2185,-96.4224,0.0495,-96.4224,0.15625
-96.52159999999999,0.234125,-96.52159999999999,0.08075,-96.52159999999999,0.46875
-96.62079999999999,0.2185,-96.62079999999999,0.08075,-96.62079999999999,0.3125
-96.72,0.2185,-96.72,0.08075,-96.72,0.3125
-96.8192,0.18725,-96.8192,0.0495,-96.8192,0.3125
-96.91839999999999,0.18725,-96.91839999999999,0.112,-96.91839999999999,0.3125
-97.01759999999999,0.171625,-97.01759999999999,0.08075,-97.01759999999999,0.3125
-97.1168,0.156,-97.1168,0.08075,-97.1168,0.3125
-97.216,0.156,-97.216,0.08075,-97.216,0.3125
-97.31519999999999,0.12475,-97.31519999999999,0.08075,-97.31519999999999,0.3125
-97.41439999999999,0.140375,-97.41439999999999,0.08075,-97.41439999999999,0.3125
-97.5136,0.109125,-97.5136,0.0495,-97.5136,0.3125
-97.6128,0.0935,-97.6128,0.08075,-97.6128,0.15625
-97.71199999999999,0.077875,-97.71199999999999,0.0495,-97.71199999999999,0.3125
-97.8112,0.077875,-97.8112,0.112,-97.8112,0.3125
-97.9104,0.031,-97.9104,0.08075,-97.9104,0.3125
-98.00959999999999,0.06225,-98.00959999999999,0.0495,-98.00959999999999,0.46875
-98.10879999999999,0.046625,-98.10879999999999,0.0495,-98.10879999999999,0.3125
-98.208,0.015375,-98.208,0.0495,-98.208,0.15625
-98.3072,-0.000249982,-98.3072,0.0495,-98.3072,0.46875
-98.40639999999999,-0.015875,-98.40639999999999,0.0495,-98.40639999999999,0.3125
-98.50559999999999,-0.015875,-98.50559999999999,0.0495,-98.50559999999999,0.3125
-98.6048,-0.0315,-98.6048,0.01825,-98.6048,0.3125
-98.704,-0.047125,-98.704,0.01825,-98.704,0.46875
-98.80319999999999,-0.06275,-98.80319999999999,0.01825,-98.80319999999999,0.46875
-98.90239999999999,-0.047125,-98.90239999999999,-0.013,-98.90239999999999,0.3125
-99.0016,-0.078375,-99.0016,-0.04425,-99.0016,0.3125
-99.10079999999999,-0.094,-99.10079999999999,-0.04425,-99.10079999999999,0.46875
